29.0, 34.0111 
18.6667, 34.0111 
18.3333, 34.0111 
14.6667, 34.0111 
14.6667, 34.0111 
12.8667, 34.0111 
12.4167, 34.0111 
11.6667, 34.0111 
11.5833, 34.0111 
11.5, 34.0111 
11.3333, 34.0111 
11.3333, 34.0111 
11.0, 34.0111 
11.0, 34.0111 
10.8667, 34.0111 
10.6167, 34.0111 
10.5, 34.0111 
10.5, 34.0111 
10.0, 34.0111 
10.0, 34.0111 
10.0, 34.0111 
10.0, 34.0111 
10.0, 34.0111 
10.0, 34.0111 
9.58333, 34.0111 
9.53333, 34.0111 
9.5, 34.0111 
9.5, 34.0111 
9.33333, 34.0111 
9.25, 34.0111 
9.0, 34.0111 
9.0, 34.0111 
9.0, 34.0111 
9.0, 34.0111 
8.83333, 34.0111 
8.83333, 34.0111 
8.5, 34.0111 
8.5, 34.0111 
8.33333, 34.0111 
8.16667, 34.0111 
8.08333, 34.0111 
8.0, 34.0111 
8.0, 34.0111 
8.0, 34.0111 
8.0, 34.0111 
7.94286, 34.0111 
7.83333, 34.0111 
7.83333, 34.0111 
7.81667, 34.0111 
7.73333, 34.0111 
7.66667, 34.0111 
7.58333, 34.0111 
7.53333, 34.0111 
7.5, 34.0111 
7.5, 34.0111 
7.5, 34.0111 
7.5, 34.0111 
7.5, 34.0111 
7.45, 34.0111 
7.4, 34.0111 
7.33333, 34.0111 
7.33333, 34.0111 
7.25, 34.0111 
7.08333, 34.0111 
7.08333, 34.0111 
7.0, 34.0111 
7.0, 34.0111 
7.0, 34.0111 
7.0, 34.0111 
7.0, 34.0111 
7.0, 34.0111 
7.0, 34.0111 
7.0, 34.0111 
7.0, 34.0111 
7.0, 34.0111 
7.0, 34.0111 
7.0, 34.0111 
6.9, 34.0111 
6.86667, 34.0111 
6.86111, 34.0111 
6.75, 34.0111 
6.66667, 34.0111 
6.66667, 34.0111 
6.5, 34.0111 
6.5, 34.0111 
6.5, 34.0111 
6.5, 34.0111 
6.5, 34.0111 
6.5, 34.0111 
6.5, 34.0111 
6.5, 34.0111 
6.5, 34.0111 
6.48333, 34.0111 
6.41667, 34.0111 
6.33333, 34.0111 
6.33333, 34.0111 
6.33333, 34.0111 
6.28333, 34.0111 
6.28333, 34.0111 
6.16667, 34.0111 
6.08333, 34.0111 
6.0, 34.0111 
6.0, 34.0111 
6.0, 34.0111 
6.0, 34.0111 
6.0, 34.0111 
6.0, 34.0111 
6.0, 34.0111 
6.0, 34.0111 
6.0, 34.0111 
6.0, 34.0111 
6.0, 34.0111 
6.0, 34.0111 
6.0, 34.0111 
6.0, 34.0111 
6.0, 34.0111 
6.0, 34.0111 
6.0, 34.0111 
6.0, 34.0111 
6.0, 34.0111 
6.0, 34.0111 
6.0, 34.0111 
6.0, 34.0111 
6.0, 34.0111 
6.0, 34.0111 
6.0, 34.0111 
5.98333, 34.0111 
5.95, 34.0111 
5.91667, 34.0111 
5.9, 34.0111 
5.83333, 34.0111 
5.83333, 34.0111 
5.83333, 34.0111 
5.83333, 34.0111 
5.83333, 34.0111 
5.83333, 34.0111 
5.75, 34.0111 
5.75, 34.0111 
5.75, 34.0111 
5.75, 34.0111 
5.66667, 34.0111 
5.66667, 34.0111 
5.66667, 34.0111 
5.58333, 34.0111 
5.5, 34.0111 
5.5, 34.0111 
5.5, 34.0111 
5.5, 34.0111 
5.5, 34.0111 
5.5, 34.0111 
5.5, 34.0111 
5.5, 34.0111 
5.5, 34.0111 
5.5, 34.0111 
5.5, 34.0111 
5.5, 34.0111 
5.5, 34.0111 
5.5, 34.0111 
5.5, 34.0111 
5.5, 34.0111 
5.5, 34.0111 
5.5, 34.0111 
5.5, 34.0111 
5.5, 34.0111 
5.5, 34.0111 
5.5, 34.0111 
5.5, 34.0111 
5.5, 34.0111 
5.5, 34.0111 
5.5, 34.0111 
5.5, 34.0111 
5.48333, 34.0111 
5.45, 34.0111 
5.41667, 34.0111 
5.33333, 34.0111 
5.33333, 34.0111 
5.33333, 34.0111 
5.33333, 34.0111 
5.33333, 34.0111 
5.33333, 34.0111 
5.33333, 34.0111 
5.33333, 34.0111 
5.33333, 34.0111 
5.33333, 34.0111 
5.33333, 34.0111 
5.28333, 34.0111 
5.25, 34.0111 
5.2, 34.0111 
5.2, 34.0111 
5.16667, 34.0111 
5.16667, 34.0111 
5.11667, 34.0111 
5.08333, 34.0111 
5.08333, 34.0111 
5.08333, 34.0111 
5.03333, 34.0111 
5.0, 34.0111 
5.0, 34.0111 
5.0, 34.0111 
5.0, 34.0111 
5.0, 34.0111 
5.0, 34.0111 
5.0, 34.0111 
5.0, 34.0111 
5.0, 34.0111 
5.0, 34.0111 
5.0, 34.0111 
5.0, 34.0111 
5.0, 34.0111 
5.0, 34.0111 
5.0, 34.0111 
5.0, 34.0111 
5.0, 34.0111 
5.0, 34.0111 
5.0, 34.0111 
5.0, 34.0111 
5.0, 34.0111 
5.0, 34.0111 
5.0, 34.0111 
5.0, 34.0111 
5.0, 34.0111 
5.0, 34.0111 
5.0, 34.0111 
5.0, 34.0111 
5.0, 34.0111 
5.0, 34.0111 
5.0, 34.0111 
5.0, 34.0111 
5.0, 34.0111 
5.0, 34.0111 
5.0, 34.0111 
5.0, 34.0111 
5.0, 34.0111 
5.0, 34.0111 
5.0, 34.0111 
5.0, 34.0111 
4.83333, 34.0111 
4.83333, 34.0111 
4.83333, 34.0111 
4.83333, 34.0111 
4.83333, 34.0111 
4.83333, 34.0111 
4.83333, 34.0111 
4.83333, 34.0111 
4.83333, 34.0111 
4.83333, 34.0111 
4.75, 34.0111 
4.66667, 34.0111 
4.66667, 34.0111 
4.66667, 34.0111 
4.66667, 34.0111 
4.66667, 34.0111 
4.66667, 34.0111 
4.53333, 34.0111 
4.53333, 34.0111 
4.53333, 34.0111 
4.5, 34.0111 
4.5, 34.0111 
4.5, 34.0111 
4.5, 34.0111 
4.5, 34.0111 
4.5, 34.0111 
4.5, 34.0111 
4.5, 34.0111 
4.5, 34.0111 
4.5, 34.0111 
4.5, 34.0111 
4.5, 34.0111 
4.5, 34.0111 
4.5, 34.0111 
4.5, 34.0111 
4.5, 34.0111 
4.5, 34.0111 
4.5, 34.0111 
4.5, 34.0111 
4.5, 34.0111 
4.5, 34.0111 
4.5, 34.0111 
4.5, 34.0111 
4.5, 34.0111 
4.5, 34.0111 
4.5, 34.0111 
4.5, 34.0111 
4.5, 34.0111 
4.5, 34.0111 
4.5, 34.0111 
4.5, 34.0111 
4.5, 34.0111 
4.5, 34.0111 
4.5, 34.0111 
4.5, 34.0111 
4.5, 34.0111 
4.5, 34.0111 
4.41667, 34.0111 
4.4, 34.0111 
4.33333, 34.0111 
4.33333, 34.0111 
4.33333, 34.0111 
4.33333, 34.0111 
4.33333, 34.0111 
4.33333, 34.0111 
4.33333, 34.0111 
4.33333, 34.0111 
4.33333, 34.0111 
4.33333, 34.0111 
4.33333, 34.0111 
4.33333, 34.0111 
4.33333, 34.0111 
4.33333, 34.0111 
4.33333, 34.0111 
4.33333, 34.0111 
4.33333, 34.0111 
4.33333, 34.0111 
4.25, 34.0111 
4.25, 34.0111 
4.2, 34.0111 
4.16667, 34.0111 
4.16667, 34.0111 
4.16667, 34.0111 
4.16667, 34.0111 
4.16667, 34.0111 
4.16667, 34.0111 
4.16667, 34.0111 
4.16667, 34.0111 
4.16667, 34.0111 
4.11111, 34.0111 
4.08333, 34.0111 
4.08333, 34.0111 
4.08333, 34.0111 
4.06667, 34.0111 
4.0, 34.0111 
4.0, 34.0111 
4.0, 34.0111 
4.0, 34.0111 
4.0, 34.0111 
4.0, 34.0111 
4.0, 34.0111 
4.0, 34.0111 
4.0, 34.0111 
4.0, 34.0111 
4.0, 34.0111 
4.0, 34.0111 
4.0, 34.0111 
4.0, 34.0111 
4.0, 34.0111 
4.0, 34.0111 
4.0, 34.0111 
4.0, 34.0111 
4.0, 34.0111 
4.0, 34.0111 
4.0, 34.0111 
4.0, 34.0111 
4.0, 34.0111 
4.0, 34.0111 
4.0, 34.0111 
4.0, 34.0111 
4.0, 34.0111 
4.0, 34.0111 
4.0, 34.0111 
4.0, 34.0111 
4.0, 34.0111 
4.0, 34.0111 
4.0, 34.0111 
4.0, 34.0111 
4.0, 34.0111 
4.0, 34.0111 
4.0, 34.0111 
4.0, 34.0111 
4.0, 34.0111 
4.0, 34.0111 
4.0, 34.0111 
4.0, 34.0111 
4.0, 34.0111 
4.0, 34.0111 
4.0, 34.0111 
4.0, 34.0111 
4.0, 34.0111 
4.0, 34.0111 
4.0, 34.0111 
4.0, 34.0111 
4.0, 34.0111 
4.0, 34.0111 
4.0, 34.0111 
4.0, 34.0111 
4.0, 34.0111 
4.0, 34.0111 
4.0, 34.0111 
4.0, 34.0111 
4.0, 34.0111 
4.0, 34.0111 
4.0, 34.0111 
4.0, 34.0111 
4.0, 34.0111 
4.0, 34.0111 
4.0, 34.0111 
4.0, 34.0111 
4.0, 34.0111 
4.0, 34.0111 
3.91667, 34.0111 
3.87619, 34.0111 
3.83333, 34.0111 
3.83333, 34.0111 
3.83333, 34.0111 
3.83333, 34.0111 
3.83333, 34.0111 
3.83333, 34.0111 
3.83333, 34.0111 
3.83333, 34.0111 
3.83333, 34.0111 
3.83333, 34.0111 
3.83333, 34.0111 
3.83333, 34.0111 
3.83333, 34.0111 
3.83333, 34.0111 
3.83333, 34.0111 
3.83333, 34.0111 
3.83333, 34.0111 
3.83333, 34.0111 
3.83333, 34.0111 
3.83333, 34.0111 
3.83333, 34.0111 
3.77778, 34.0111 
3.75, 34.0111 
3.75, 34.0111 
3.7, 34.0111 
3.7, 34.0111 
3.7, 34.0111 
3.66667, 34.0111 
3.66667, 34.0111 
3.66667, 34.0111 
3.66667, 34.0111 
3.66667, 34.0111 
3.66667, 34.0111 
3.66667, 34.0111 
3.66667, 34.0111 
3.66667, 34.0111 
3.66667, 34.0111 
3.66667, 34.0111 
3.66667, 34.0111 
3.66667, 34.0111 
3.66667, 34.0111 
3.66667, 34.0111 
3.65, 34.0111 
3.61667, 34.0111 
3.61667, 34.0111 
3.58333, 34.0111 
3.58333, 34.0111 
3.58333, 34.0111 
3.58333, 34.0111 
3.58333, 34.0111 
3.53333, 34.0111 
3.53333, 34.0111 
3.5, 34.0111 
3.5, 34.0111 
3.5, 34.0111 
3.5, 34.0111 
3.5, 34.0111 
3.5, 34.0111 
3.5, 34.0111 
3.5, 34.0111 
3.5, 34.0111 
3.5, 34.0111 
3.5, 34.0111 
3.5, 34.0111 
3.5, 34.0111 
3.5, 34.0111 
3.5, 34.0111 
3.5, 34.0111 
3.5, 34.0111 
3.5, 34.0111 
3.5, 34.0111 
3.5, 34.0111 
3.5, 34.0111 
3.5, 34.0111 
3.5, 34.0111 
3.5, 34.0111 
3.5, 34.0111 
3.5, 34.0111 
3.5, 34.0111 
3.5, 34.0111 
3.5, 34.0111 
3.5, 34.0111 
3.5, 34.0111 
3.5, 34.0111 
3.5, 34.0111 
3.5, 34.0111 
3.5, 34.0111 
3.5, 34.0111 
3.5, 34.0111 
3.5, 34.0111 
3.5, 34.0111 
3.5, 34.0111 
3.5, 34.0111 
3.5, 34.0111 
3.5, 34.0111 
3.5, 34.0111 
3.5, 34.0111 
3.5, 34.0111 
3.5, 34.0111 
3.5, 34.0111 
3.5, 34.0111 
3.5, 34.0111 
3.5, 34.0111 
3.5, 34.0111 
3.5, 34.0111 
3.5, 34.0111 
3.5, 34.0111 
3.5, 34.0111 
3.5, 34.0111 
3.5, 34.0111 
3.5, 34.0111 
3.5, 34.0111 
3.5, 34.0111 
3.5, 34.0111 
3.5, 34.0111 
3.5, 34.0111 
3.5, 34.0111 
3.5, 34.0111 
3.5, 34.0111 
3.5, 34.0111 
3.48333, 34.0111 
3.41667, 34.0111 
3.41667, 34.0111 
3.41667, 34.0111 
3.41667, 34.0111 
3.38333, 34.0111 
3.33333, 34.0111 
3.33333, 34.0111 
3.33333, 34.0111 
3.33333, 34.0111 
3.33333, 34.0111 
3.33333, 34.0111 
3.33333, 34.0111 
3.33333, 34.0111 
3.33333, 34.0111 
3.33333, 34.0111 
3.33333, 34.0111 
3.33333, 34.0111 
3.33333, 34.0111 
3.33333, 34.0111 
3.33333, 34.0111 
3.33333, 34.0111 
3.33333, 34.0111 
3.33333, 34.0111 
3.33333, 34.0111 
3.33333, 34.0111 
3.33333, 34.0111 
3.33333, 34.0111 
3.33333, 34.0111 
3.33333, 34.0111 
3.33333, 34.0111 
3.33333, 34.0111 
3.33333, 34.0111 
3.33333, 34.0111 
3.33333, 34.0111 
3.33333, 34.0111 
3.33333, 34.0111 
3.33333, 34.0111 
3.33333, 34.0111 
3.33333, 34.0111 
3.33333, 34.0111 
3.33333, 34.0111 
3.33333, 34.0111 
3.28333, 34.0111 
3.28333, 34.0111 
3.25, 34.0111 
3.25, 34.0111 
3.25, 34.0111 
3.25, 34.0111 
3.25, 34.0111 
3.25, 34.0111 
3.25, 34.0111 
3.25, 34.0111 
3.25, 34.0111 
3.25, 34.0111 
3.2, 34.0111 
3.2, 34.0111 
3.16667, 34.0111 
3.16667, 34.0111 
3.16667, 34.0111 
3.16667, 34.0111 
3.16667, 34.0111 
3.16667, 34.0111 
3.16667, 34.0111 
3.16667, 34.0111 
3.16667, 34.0111 
3.16667, 34.0111 
3.16667, 34.0111 
3.16667, 34.0111 
3.16667, 34.0111 
3.16667, 34.0111 
3.16667, 34.0111 
3.16667, 34.0111 
3.16667, 34.0111 
3.16667, 34.0111 
3.08333, 34.0111 
3.08333, 34.0111 
3.08333, 34.0111 
3.08333, 34.0111 
3.06667, 34.0111 
3.03333, 34.0111 
3.0, 34.0111 
3.0, 34.0111 
3.0, 34.0111 
3.0, 34.0111 
3.0, 34.0111 
3.0, 34.0111 
3.0, 34.0111 
3.0, 34.0111 
3.0, 34.0111 
3.0, 34.0111 
3.0, 34.0111 
3.0, 34.0111 
3.0, 34.0111 
3.0, 34.0111 
3.0, 34.0111 
3.0, 34.0111 
3.0, 34.0111 
3.0, 34.0111 
3.0, 34.0111 
3.0, 34.0111 
3.0, 34.0111 
3.0, 34.0111 
3.0, 34.0111 
3.0, 34.0111 
3.0, 34.0111 
3.0, 34.0111 
3.0, 34.0111 
3.0, 34.0111 
3.0, 34.0111 
3.0, 34.0111 
3.0, 34.0111 
3.0, 34.0111 
3.0, 34.0111 
3.0, 34.0111 
3.0, 34.0111 
3.0, 34.0111 
3.0, 34.0111 
3.0, 34.0111 
3.0, 34.0111 
3.0, 34.0111 
3.0, 34.0111 
3.0, 34.0111 
3.0, 34.0111 
3.0, 34.0111 
3.0, 34.0111 
3.0, 34.0111 
3.0, 34.0111 
3.0, 34.0111 
3.0, 34.0111 
3.0, 34.0111 
3.0, 34.0111 
3.0, 34.0111 
3.0, 34.0111 
3.0, 34.0111 
3.0, 34.0111 
3.0, 34.0111 
3.0, 34.0111 
3.0, 34.0111 
3.0, 34.0111 
3.0, 34.0111 
3.0, 34.0111 
3.0, 34.0111 
3.0, 34.0111 
3.0, 34.0111 
3.0, 34.0111 
3.0, 34.0111 
3.0, 34.0111 
3.0, 34.0111 
3.0, 34.0111 
3.0, 34.0111 
3.0, 34.0111 
3.0, 34.0111 
3.0, 34.0111 
3.0, 34.0111 
3.0, 34.0111 
3.0, 34.0111 
3.0, 34.0111 
3.0, 34.0111 
3.0, 34.0111 
3.0, 34.0111 
3.0, 34.0111 
3.0, 34.0111 
3.0, 34.0111 
3.0, 34.0111 
3.0, 34.0111 
3.0, 34.0111 
3.0, 34.0111 
3.0, 34.0111 
3.0, 34.0111 
3.0, 34.0111 
3.0, 34.0111 
3.0, 34.0111 
3.0, 34.0111 
3.0, 34.0111 
3.0, 34.0111 
3.0, 34.0111 
3.0, 34.0111 
3.0, 34.0111 
3.0, 34.0111 
3.0, 34.0111 
3.0, 34.0111 
3.0, 34.0111 
3.0, 34.0111 
3.0, 34.0111 
3.0, 34.0111 
3.0, 34.0111 
3.0, 34.0111 
3.0, 34.0111 
3.0, 34.0111 
3.0, 34.0111 
3.0, 34.0111 
3.0, 34.0111 
3.0, 34.0111 
3.0, 34.0111 
3.0, 34.0111 
3.0, 34.0111 
3.0, 34.0111 
3.0, 34.0111 
3.0, 34.0111 
3.0, 34.0111 
3.0, 34.0111 
3.0, 34.0111 
3.0, 34.0111 
3.0, 34.0111 
3.0, 34.0111 
3.0, 34.0111 
3.0, 34.0111 
3.0, 34.0111 
3.0, 34.0111 
3.0, 34.0111 
3.0, 34.0111 
3.0, 34.0111 
3.0, 34.0111 
3.0, 34.0111 
3.0, 34.0111 
3.0, 34.0111 
3.0, 34.0111 
3.0, 34.0111 
3.0, 34.0111 
3.0, 34.0111 
3.0, 34.0111 
3.0, 34.0111 
3.0, 34.0111 
3.0, 34.0111 
3.0, 34.0111 
3.0, 34.0111 
3.0, 34.0111 
3.0, 34.0111 
3.0, 34.0111 
3.0, 34.0111 
3.0, 34.0111 
3.0, 34.0111 
3.0, 34.0111 
3.0, 34.0111 
3.0, 34.0111 
3.0, 34.0111 
3.0, 34.0111 
3.0, 34.0111 
3.0, 34.0111 
3.0, 34.0111 
3.0, 34.0111 
3.0, 34.0111 
3.0, 34.0111 
3.0, 34.0111 
3.0, 34.0111 
3.0, 34.0111 
3.0, 34.0111 
3.0, 34.0111 
3.0, 34.0111 
3.0, 34.0111 
3.0, 34.0111 
3.0, 34.0111 
3.0, 34.0111 
3.0, 34.0111 
3.0, 34.0111 
3.0, 34.0111 
3.0, 34.0111 
3.0, 34.0111 
3.0, 34.0111 
3.0, 34.0111 
3.0, 34.0111 
3.0, 34.0111 
3.0, 34.0111 
3.0, 34.0111 
3.0, 34.0111 
3.0, 34.0111 
3.0, 34.0111 
2.98333, 34.0111 
2.91667, 34.0111 
2.91667, 34.0111 
2.91667, 34.0111 
2.91667, 34.0111 
2.91667, 34.0111 
2.9, 34.0111 
2.83333, 34.0111 
2.83333, 34.0111 
2.83333, 34.0111 
2.83333, 34.0111 
2.83333, 34.0111 
2.83333, 34.0111 
2.83333, 34.0111 
2.83333, 34.0111 
2.83333, 34.0111 
2.83333, 34.0111 
2.83333, 34.0111 
2.83333, 34.0111 
2.83333, 34.0111 
2.83333, 34.0111 
2.83333, 34.0111 
2.83333, 34.0111 
2.83333, 34.0111 
2.83333, 34.0111 
2.83333, 34.0111 
2.83333, 34.0111 
2.83333, 34.0111 
2.83333, 34.0111 
2.83333, 34.0111 
2.83333, 34.0111 
2.83333, 34.0111 
2.83333, 34.0111 
2.83333, 34.0111 
2.83333, 34.0111 
2.83333, 34.0111 
2.83333, 34.0111 
2.83333, 34.0111 
2.83333, 34.0111 
2.83333, 34.0111 
2.83333, 34.0111 
2.83333, 34.0111 
2.83333, 34.0111 
2.83333, 34.0111 
2.83333, 34.0111 
2.83333, 34.0111 
2.83333, 34.0111 
2.83333, 34.0111 
2.83333, 34.0111 
2.83333, 34.0111 
2.83333, 34.0111 
2.83333, 34.0111 
2.83333, 34.0111 
2.83333, 34.0111 
2.83333, 34.0111 
2.83333, 34.0111 
2.83333, 34.0111 
2.83333, 34.0111 
2.83333, 34.0111 
2.83333, 34.0111 
2.83333, 34.0111 
2.78333, 34.0111 
2.77619, 34.0111 
2.75, 34.0111 
2.75, 34.0111 
2.75, 34.0111 
2.75, 34.0111 
2.75, 34.0111 
2.75, 34.0111 
2.75, 34.0111 
2.75, 34.0111 
2.75, 34.0111 
2.75, 34.0111 
2.75, 34.0111 
2.75, 34.0111 
2.73333, 34.0111 
2.7, 34.0111 
2.7, 34.0111 
2.7, 34.0111 
2.7, 34.0111 
2.7, 34.0111 
2.66667, 34.0111 
2.66667, 34.0111 
2.66667, 34.0111 
2.66667, 34.0111 
2.66667, 34.0111 
2.66667, 34.0111 
2.66667, 34.0111 
2.66667, 34.0111 
2.66667, 34.0111 
2.66667, 34.0111 
2.66667, 34.0111 
2.66667, 34.0111 
2.66667, 34.0111 
2.66667, 34.0111 
2.66667, 34.0111 
2.66667, 34.0111 
2.66667, 34.0111 
2.66667, 34.0111 
2.66667, 34.0111 
2.66667, 34.0111 
2.66667, 34.0111 
2.65, 34.0111 
2.61667, 34.0111 
2.6, 34.0111 
2.58333, 34.0111 
2.58333, 34.0111 
2.58333, 34.0111 
2.58333, 34.0111 
2.53333, 34.0111 
2.53333, 34.0111 
2.53333, 34.0111 
2.53333, 34.0111 
2.5, 34.0111 
2.5, 34.0111 
2.5, 34.0111 
2.5, 34.0111 
2.5, 34.0111 
2.5, 34.0111 
2.5, 34.0111 
2.5, 34.0111 
2.5, 34.0111 
2.5, 34.0111 
2.5, 34.0111 
2.5, 34.0111 
2.5, 34.0111 
2.5, 34.0111 
2.5, 34.0111 
2.5, 34.0111 
2.5, 34.0111 
2.5, 34.0111 
2.5, 34.0111 
2.5, 34.0111 
2.5, 34.0111 
2.5, 34.0111 
2.5, 34.0111 
2.5, 34.0111 
2.5, 34.0111 
2.5, 34.0111 
2.5, 34.0111 
2.5, 34.0111 
2.5, 34.0111 
2.5, 34.0111 
2.5, 34.0111 
2.5, 34.0111 
2.5, 34.0111 
2.5, 34.0111 
2.5, 34.0111 
2.5, 34.0111 
2.5, 34.0111 
2.5, 34.0111 
2.5, 34.0111 
2.5, 34.0111 
2.5, 34.0111 
2.5, 34.0111 
2.5, 34.0111 
2.5, 34.0111 
2.5, 34.0111 
2.5, 34.0111 
2.5, 34.0111 
2.5, 34.0111 
2.5, 34.0111 
2.5, 34.0111 
2.5, 34.0111 
2.5, 34.0111 
2.5, 34.0111 
2.5, 34.0111 
2.5, 34.0111 
2.5, 34.0111 
2.5, 34.0111 
2.5, 34.0111 
2.5, 34.0111 
2.5, 34.0111 
2.5, 34.0111 
2.5, 34.0111 
2.5, 34.0111 
2.5, 34.0111 
2.5, 34.0111 
2.5, 34.0111 
2.5, 34.0111 
2.5, 34.0111 
2.5, 34.0111 
2.5, 34.0111 
2.5, 34.0111 
2.5, 34.0111 
2.5, 34.0111 
2.5, 34.0111 
2.5, 34.0111 
2.5, 34.0111 
2.5, 34.0111 
2.5, 34.0111 
2.5, 34.0111 
2.5, 34.0111 
2.5, 34.0111 
2.5, 34.0111 
2.5, 34.0111 
2.5, 34.0111 
2.5, 34.0111 
2.5, 34.0111 
2.5, 34.0111 
2.5, 34.0111 
2.5, 34.0111 
2.5, 34.0111 
2.5, 34.0111 
2.5, 34.0111 
2.5, 34.0111 
2.5, 34.0111 
2.5, 34.0111 
2.5, 34.0111 
2.5, 34.0111 
2.5, 34.0111 
2.5, 34.0111 
2.5, 34.0111 
2.5, 34.0111 
2.5, 34.0111 
2.5, 34.0111 
2.5, 34.0111 
2.5, 34.0111 
2.5, 34.0111 
2.5, 34.0111 
2.5, 34.0111 
2.5, 34.0111 
2.5, 34.0111 
2.5, 34.0111 
2.5, 34.0111 
2.5, 34.0111 
2.5, 34.0111 
2.5, 34.0111 
2.5, 34.0111 
2.5, 34.0111 
2.5, 34.0111 
2.5, 34.0111 
2.5, 34.0111 
2.5, 34.0111 
2.5, 34.0111 
2.5, 34.0111 
2.5, 34.0111 
2.5, 34.0111 
2.5, 34.0111 
2.5, 34.0111 
2.5, 34.0111 
2.5, 34.0111 
2.5, 34.0111 
2.5, 34.0111 
2.5, 34.0111 
2.5, 34.0111 
2.5, 34.0111 
2.5, 34.0111 
2.5, 34.0111 
2.5, 34.0111 
2.5, 34.0111 
2.5, 34.0111 
2.5, 34.0111 
2.5, 34.0111 
2.5, 34.0111 
2.5, 34.0111 
2.48333, 34.0111 
2.45, 34.0111 
2.45, 34.0111 
2.43333, 34.0111 
2.41667, 34.0111 
2.41667, 34.0111 
2.41667, 34.0111 
2.41667, 34.0111 
2.41667, 34.0111 
2.41667, 34.0111 
2.4, 34.0111 
2.39444, 34.0111 
2.36667, 34.0111 
2.36667, 34.0111 
2.33333, 34.0111 
2.33333, 34.0111 
2.33333, 34.0111 
2.33333, 34.0111 
2.33333, 34.0111 
2.33333, 34.0111 
2.33333, 34.0111 
2.33333, 34.0111 
2.33333, 34.0111 
2.33333, 34.0111 
2.33333, 34.0111 
2.33333, 34.0111 
2.33333, 34.0111 
2.33333, 34.0111 
2.33333, 34.0111 
2.33333, 34.0111 
2.33333, 34.0111 
2.33333, 34.0111 
2.33333, 34.0111 
2.33333, 34.0111 
2.33333, 34.0111 
2.33333, 34.0111 
2.33333, 34.0111 
2.33333, 34.0111 
2.33333, 34.0111 
2.33333, 34.0111 
2.33333, 34.0111 
2.33333, 34.0111 
2.33333, 34.0111 
2.33333, 34.0111 
2.33333, 34.0111 
2.33333, 34.0111 
2.33333, 34.0111 
2.33333, 34.0111 
2.33333, 34.0111 
2.33333, 34.0111 
2.33333, 34.0111 
2.33333, 34.0111 
2.33333, 34.0111 
2.33333, 34.0111 
2.33333, 34.0111 
2.33333, 34.0111 
2.33333, 34.0111 
2.33333, 34.0111 
2.33333, 34.0111 
2.33333, 34.0111 
2.33333, 34.0111 
2.33333, 34.0111 
2.33333, 34.0111 
2.33333, 34.0111 
2.33333, 34.0111 
2.33333, 34.0111 
2.33333, 34.0111 
2.33333, 34.0111 
2.33333, 34.0111 
2.33333, 34.0111 
2.33333, 34.0111 
2.28333, 34.0111 
2.28333, 34.0111 
2.25, 34.0111 
2.25, 34.0111 
2.25, 34.0111 
2.25, 34.0111 
2.25, 34.0111 
2.25, 34.0111 
2.25, 34.0111 
2.25, 34.0111 
2.25, 34.0111 
2.25, 34.0111 
2.2, 34.0111 
2.2, 34.0111 
2.16667, 34.0111 
2.16667, 34.0111 
2.16667, 34.0111 
2.16667, 34.0111 
2.16667, 34.0111 
2.16667, 34.0111 
2.16667, 34.0111 
2.16667, 34.0111 
2.16667, 34.0111 
2.16667, 34.0111 
2.16667, 34.0111 
2.16667, 34.0111 
2.16667, 34.0111 
2.16667, 34.0111 
2.16667, 34.0111 
2.16667, 34.0111 
2.16667, 34.0111 
2.16667, 34.0111 
2.16667, 34.0111 
2.16667, 34.0111 
2.16667, 34.0111 
2.16667, 34.0111 
2.16667, 34.0111 
2.16667, 34.0111 
2.16667, 34.0111 
2.16667, 34.0111 
2.16667, 34.0111 
2.16667, 34.0111 
2.16667, 34.0111 
2.15, 34.0111 
2.125, 34.0111 
2.11667, 34.0111 
2.11667, 34.0111 
2.08333, 34.0111 
2.08333, 34.0111 
2.08333, 34.0111 
2.08333, 34.0111 
2.03333, 34.0111 
2.03333, 34.0111 
2.03333, 34.0111 
2.03333, 34.0111 
2.0, 34.0111 
2.0, 34.0111 
2.0, 34.0111 
2.0, 34.0111 
2.0, 34.0111 
2.0, 34.0111 
2.0, 34.0111 
2.0, 34.0111 
2.0, 34.0111 
2.0, 34.0111 
2.0, 34.0111 
2.0, 34.0111 
2.0, 34.0111 
2.0, 34.0111 
2.0, 34.0111 
2.0, 34.0111 
2.0, 34.0111 
2.0, 34.0111 
2.0, 34.0111 
2.0, 34.0111 
2.0, 34.0111 
2.0, 34.0111 
2.0, 34.0111 
2.0, 34.0111 
2.0, 34.0111 
2.0, 34.0111 
2.0, 34.0111 
2.0, 34.0111 
2.0, 34.0111 
2.0, 34.0111 
2.0, 34.0111 
2.0, 34.0111 
2.0, 34.0111 
2.0, 34.0111 
2.0, 34.0111 
2.0, 34.0111 
2.0, 34.0111 
2.0, 34.0111 
2.0, 34.0111 
2.0, 34.0111 
2.0, 34.0111 
2.0, 34.0111 
2.0, 34.0111 
2.0, 34.0111 
2.0, 34.0111 
2.0, 34.0111 
2.0, 34.0111 
2.0, 34.0111 
2.0, 34.0111 
2.0, 34.0111 
2.0, 34.0111 
2.0, 34.0111 
2.0, 34.0111 
2.0, 34.0111 
2.0, 34.0111 
2.0, 34.0111 
2.0, 34.0111 
2.0, 34.0111 
2.0, 34.0111 
2.0, 34.0111 
2.0, 34.0111 
2.0, 34.0111 
2.0, 34.0111 
2.0, 34.0111 
2.0, 34.0111 
2.0, 34.0111 
2.0, 34.0111 
2.0, 34.0111 
2.0, 34.0111 
2.0, 34.0111 
2.0, 34.0111 
2.0, 34.0111 
2.0, 34.0111 
2.0, 34.0111 
2.0, 34.0111 
2.0, 34.0111 
2.0, 34.0111 
2.0, 34.0111 
2.0, 34.0111 
2.0, 34.0111 
2.0, 34.0111 
2.0, 34.0111 
2.0, 34.0111 
2.0, 34.0111 
2.0, 34.0111 
2.0, 34.0111 
2.0, 34.0111 
2.0, 34.0111 
2.0, 34.0111 
2.0, 34.0111 
2.0, 34.0111 
2.0, 34.0111 
2.0, 34.0111 
2.0, 34.0111 
2.0, 34.0111 
2.0, 34.0111 
2.0, 34.0111 
2.0, 34.0111 
2.0, 34.0111 
2.0, 34.0111 
2.0, 34.0111 
2.0, 34.0111 
2.0, 34.0111 
2.0, 34.0111 
2.0, 34.0111 
2.0, 34.0111 
2.0, 34.0111 
2.0, 34.0111 
2.0, 34.0111 
2.0, 34.0111 
2.0, 34.0111 
2.0, 34.0111 
2.0, 34.0111 
2.0, 34.0111 
2.0, 34.0111 
2.0, 34.0111 
2.0, 34.0111 
2.0, 34.0111 
2.0, 34.0111 
2.0, 34.0111 
2.0, 34.0111 
2.0, 34.0111 
2.0, 34.0111 
2.0, 34.0111 
2.0, 34.0111 
2.0, 34.0111 
2.0, 34.0111 
2.0, 34.0111 
2.0, 34.0111 
2.0, 34.0111 
2.0, 34.0111 
2.0, 34.0111 
2.0, 34.0111 
2.0, 34.0111 
2.0, 34.0111 
2.0, 34.0111 
2.0, 34.0111 
2.0, 34.0111 
2.0, 34.0111 
2.0, 34.0111 
2.0, 34.0111 
2.0, 34.0111 
2.0, 34.0111 
2.0, 34.0111 
2.0, 34.0111 
2.0, 34.0111 
2.0, 34.0111 
2.0, 34.0111 
2.0, 34.0111 
2.0, 34.0111 
2.0, 34.0111 
2.0, 34.0111 
2.0, 34.0111 
2.0, 34.0111 
2.0, 34.0111 
2.0, 34.0111 
2.0, 34.0111 
2.0, 34.0111 
2.0, 34.0111 
2.0, 34.0111 
2.0, 34.0111 
2.0, 34.0111 
2.0, 34.0111 
2.0, 34.0111 
2.0, 34.0111 
2.0, 34.0111 
2.0, 34.0111 
2.0, 34.0111 
2.0, 34.0111 
2.0, 34.0111 
2.0, 34.0111 
2.0, 34.0111 
2.0, 34.0111 
2.0, 34.0111 
2.0, 34.0111 
2.0, 34.0111 
2.0, 34.0111 
2.0, 34.0111 
2.0, 34.0111 
2.0, 34.0111 
2.0, 34.0111 
2.0, 34.0111 
2.0, 34.0111 
2.0, 34.0111 
2.0, 34.0111 
2.0, 34.0111 
2.0, 34.0111 
2.0, 34.0111 
2.0, 34.0111 
2.0, 34.0111 
2.0, 34.0111 
2.0, 34.0111 
2.0, 34.0111 
2.0, 34.0111 
2.0, 34.0111 
2.0, 34.0111 
2.0, 34.0111 
2.0, 34.0111 
2.0, 34.0111 
2.0, 34.0111 
2.0, 34.0111 
2.0, 34.0111 
2.0, 34.0111 
2.0, 34.0111 
2.0, 34.0111 
2.0, 34.0111 
2.0, 34.0111 
2.0, 34.0111 
2.0, 34.0111 
2.0, 34.0111 
2.0, 34.0111 
2.0, 34.0111 
2.0, 34.0111 
2.0, 34.0111 
2.0, 34.0111 
2.0, 34.0111 
2.0, 34.0111 
2.0, 34.0111 
2.0, 34.0111 
2.0, 34.0111 
2.0, 34.0111 
2.0, 34.0111 
2.0, 34.0111 
2.0, 34.0111 
2.0, 34.0111 
2.0, 34.0111 
2.0, 34.0111 
2.0, 34.0111 
2.0, 34.0111 
2.0, 34.0111 
2.0, 34.0111 
2.0, 34.0111 
2.0, 34.0111 
2.0, 34.0111 
2.0, 34.0111 
2.0, 34.0111 
2.0, 34.0111 
2.0, 34.0111 
2.0, 34.0111 
2.0, 34.0111 
2.0, 34.0111 
2.0, 34.0111 
2.0, 34.0111 
2.0, 34.0111 
2.0, 34.0111 
2.0, 34.0111 
2.0, 34.0111 
2.0, 34.0111 
2.0, 34.0111 
2.0, 34.0111 
2.0, 34.0111 
2.0, 34.0111 
2.0, 34.0111 
2.0, 34.0111 
2.0, 34.0111 
2.0, 34.0111 
2.0, 34.0111 
2.0, 34.0111 
2.0, 34.0111 
2.0, 34.0111 
2.0, 34.0111 
2.0, 34.0111 
2.0, 34.0111 
2.0, 34.0111 
2.0, 34.0111 
2.0, 34.0111 
2.0, 34.0111 
2.0, 34.0111 
2.0, 34.0111 
2.0, 34.0111 
2.0, 34.0111 
2.0, 34.0111 
2.0, 34.0111 
2.0, 34.0111 
2.0, 34.0111 
2.0, 34.0111 
2.0, 34.0111 
2.0, 34.0111 
2.0, 34.0111 
2.0, 34.0111 
2.0, 34.0111 
2.0, 34.0111 
2.0, 34.0111 
2.0, 34.0111 
2.0, 34.0111 
2.0, 34.0111 
2.0, 34.0111 
2.0, 34.0111 
2.0, 34.0111 
2.0, 34.0111 
2.0, 34.0111 
2.0, 34.0111 
2.0, 34.0111 
2.0, 34.0111 
2.0, 34.0111 
2.0, 34.0111 
2.0, 34.0111 
2.0, 34.0111 
2.0, 34.0111 
2.0, 34.0111 
2.0, 34.0111 
2.0, 34.0111 
2.0, 34.0111 
2.0, 34.0111 
2.0, 34.0111 
2.0, 34.0111 
2.0, 34.0111 
2.0, 34.0111 
2.0, 34.0111 
2.0, 34.0111 
2.0, 34.0111 
2.0, 34.0111 
2.0, 34.0111 
2.0, 34.0111 
2.0, 34.0111 
2.0, 34.0111 
2.0, 34.0111 
2.0, 34.0111 
2.0, 34.0111 
2.0, 34.0111 
2.0, 34.0111 
2.0, 34.0111 
2.0, 34.0111 
2.0, 34.0111 
2.0, 34.0111 
2.0, 34.0111 
2.0, 34.0111 
2.0, 34.0111 
2.0, 34.0111 
2.0, 34.0111 
2.0, 34.0111 
2.0, 34.0111 
2.0, 34.0111 
2.0, 34.0111 
2.0, 34.0111 
2.0, 34.0111 
2.0, 34.0111 
2.0, 34.0111 
2.0, 34.0111 
2.0, 34.0111 
2.0, 34.0111 
2.0, 34.0111 
2.0, 34.0111 
2.0, 34.0111 
2.0, 34.0111 
2.0, 34.0111 
2.0, 34.0111 
2.0, 34.0111 
2.0, 34.0111 
2.0, 34.0111 
2.0, 34.0111 
2.0, 34.0111 
2.0, 34.0111 
2.0, 34.0111 
2.0, 34.0111 
2.0, 34.0111 
2.0, 34.0111 
2.0, 34.0111 
2.0, 34.0111 
2.0, 34.0111 
2.0, 34.0111 
2.0, 34.0111 
2.0, 34.0111 
2.0, 34.0111 
2.0, 34.0111 
2.0, 34.0111 
2.0, 34.0111 
2.0, 34.0111 
2.0, 34.0111 
2.0, 34.0111 
2.0, 34.0111 
2.0, 34.0111 
2.0, 34.0111 
2.0, 34.0111 
2.0, 34.0111 
2.0, 34.0111 
2.0, 34.0111 
2.0, 34.0111 
2.0, 34.0111 
2.0, 34.0111 
2.0, 34.0111 
2.0, 34.0111 
2.0, 34.0111 
2.0, 34.0111 
2.0, 34.0111 
2.0, 34.0111 
2.0, 34.0111 
2.0, 34.0111 
2.0, 34.0111 
2.0, 34.0111 
2.0, 34.0111 
2.0, 34.0111 
2.0, 34.0111 
2.0, 34.0111 
2.0, 34.0111 
2.0, 34.0111 
2.0, 34.0111 
2.0, 34.0111 
2.0, 34.0111 
2.0, 34.0111 
2.0, 34.0111 
2.0, 34.0111 
2.0, 34.0111 
2.0, 34.0111 
2.0, 34.0111 
2.0, 34.0111 
2.0, 34.0111 
2.0, 34.0111 
2.0, 34.0111 
2.0, 34.0111 
2.0, 34.0111 
2.0, 34.0111 
2.0, 34.0111 
2.0, 34.0111 
2.0, 34.0111 
2.0, 34.0111 
2.0, 34.0111 
2.0, 34.0111 
2.0, 34.0111 
2.0, 34.0111 
2.0, 34.0111 
2.0, 34.0111 
2.0, 34.0111 
2.0, 34.0111 
2.0, 34.0111 
2.0, 34.0111 
2.0, 34.0111 
2.0, 34.0111 
2.0, 34.0111 
2.0, 34.0111 
2.0, 34.0111 
2.0, 34.0111 
2.0, 34.0111 
2.0, 34.0111 
2.0, 34.0111 
2.0, 34.0111 
2.0, 34.0111 
2.0, 34.0111 
2.0, 34.0111 
2.0, 34.0111 
1.95, 34.0111 
1.95, 34.0111 
1.95, 34.0111 
1.95, 34.0111 
1.95, 34.0111 
1.93333, 34.0111 
1.91667, 34.0111 
1.91667, 34.0111 
1.91667, 34.0111 
1.91667, 34.0111 
1.91667, 34.0111 
1.91667, 34.0111 
1.91667, 34.0111 
1.9, 34.0111 
1.9, 34.0111 
1.86667, 34.0111 
1.86667, 34.0111 
1.86667, 34.0111 
1.86667, 34.0111 
1.85, 34.0111 
1.83333, 34.0111 
1.83333, 34.0111 
1.83333, 34.0111 
1.83333, 34.0111 
1.83333, 34.0111 
1.83333, 34.0111 
1.83333, 34.0111 
1.83333, 34.0111 
1.83333, 34.0111 
1.83333, 34.0111 
1.83333, 34.0111 
1.83333, 34.0111 
1.83333, 34.0111 
1.83333, 34.0111 
1.83333, 34.0111 
1.83333, 34.0111 
1.83333, 34.0111 
1.83333, 34.0111 
1.83333, 34.0111 
1.83333, 34.0111 
1.83333, 34.0111 
1.83333, 34.0111 
1.83333, 34.0111 
1.83333, 34.0111 
1.83333, 34.0111 
1.83333, 34.0111 
1.83333, 34.0111 
1.83333, 34.0111 
1.83333, 34.0111 
1.83333, 34.0111 
1.83333, 34.0111 
1.83333, 34.0111 
1.83333, 34.0111 
1.83333, 34.0111 
1.83333, 34.0111 
1.83333, 34.0111 
1.83333, 34.0111 
1.83333, 34.0111 
1.83333, 34.0111 
1.83333, 34.0111 
1.83333, 34.0111 
1.83333, 34.0111 
1.83333, 34.0111 
1.83333, 34.0111 
1.83333, 34.0111 
1.83333, 34.0111 
1.83333, 34.0111 
1.83333, 34.0111 
1.83333, 34.0111 
1.83333, 34.0111 
1.83333, 34.0111 
1.83333, 34.0111 
1.83333, 34.0111 
1.83333, 34.0111 
1.83333, 34.0111 
1.83333, 34.0111 
1.83333, 34.0111 
1.83333, 34.0111 
1.83333, 34.0111 
1.83333, 34.0111 
1.83333, 34.0111 
1.83333, 34.0111 
1.83333, 34.0111 
1.83333, 34.0111 
1.83333, 34.0111 
1.83333, 34.0111 
1.83333, 34.0111 
1.83333, 34.0111 
1.83333, 34.0111 
1.81667, 34.0111 
1.81667, 34.0111 
1.81667, 34.0111 
1.75, 34.0111 
1.75, 34.0111 
1.75, 34.0111 
1.75, 34.0111 
1.75, 34.0111 
1.75, 34.0111 
1.75, 34.0111 
1.75, 34.0111 
1.75, 34.0111 
1.75, 34.0111 
1.75, 34.0111 
1.73333, 34.0111 
1.73333, 34.0111 
1.7, 34.0111 
1.7, 34.0111 
1.7, 34.0111 
1.66667, 34.0111 
1.66667, 34.0111 
1.66667, 34.0111 
1.66667, 34.0111 
1.66667, 34.0111 
1.66667, 34.0111 
1.66667, 34.0111 
1.66667, 34.0111 
1.66667, 34.0111 
1.66667, 34.0111 
1.66667, 34.0111 
1.66667, 34.0111 
1.66667, 34.0111 
1.66667, 34.0111 
1.66667, 34.0111 
1.66667, 34.0111 
1.66667, 34.0111 
1.66667, 34.0111 
1.66667, 34.0111 
1.66667, 34.0111 
1.66667, 34.0111 
1.66667, 34.0111 
1.66667, 34.0111 
1.66667, 34.0111 
1.66667, 34.0111 
1.66667, 34.0111 
1.66667, 34.0111 
1.66667, 34.0111 
1.66667, 34.0111 
1.66667, 34.0111 
1.66667, 34.0111 
1.66667, 34.0111 
1.66667, 34.0111 
1.65, 34.0111 
1.65, 34.0111 
1.65, 34.0111 
1.61667, 34.0111 
1.58333, 34.0111 
1.58333, 34.0111 
1.58333, 34.0111 
1.58333, 34.0111 
1.58333, 34.0111 
1.58333, 34.0111 
1.58333, 34.0111 
1.58333, 34.0111 
1.58333, 34.0111 
1.58333, 34.0111 
1.58333, 34.0111 
1.58333, 34.0111 
1.58333, 34.0111 
1.58333, 34.0111 
1.58333, 34.0111 
1.58333, 34.0111 
1.58333, 34.0111 
1.58333, 34.0111 
1.58333, 34.0111 
1.58333, 34.0111 
1.56667, 34.0111 
1.56667, 34.0111 
1.53333, 34.0111 
1.53333, 34.0111 
1.53333, 34.0111 
1.53333, 34.0111 
1.53333, 34.0111 
1.53333, 34.0111 
1.53333, 34.0111 
1.5, 34.0111 
1.5, 34.0111 
1.5, 34.0111 
1.5, 34.0111 
1.5, 34.0111 
1.5, 34.0111 
1.5, 34.0111 
1.5, 34.0111 
1.5, 34.0111 
1.5, 34.0111 
1.5, 34.0111 
1.5, 34.0111 
1.5, 34.0111 
1.5, 34.0111 
1.5, 34.0111 
1.5, 34.0111 
1.5, 34.0111 
1.5, 34.0111 
1.5, 34.0111 
1.5, 34.0111 
1.5, 34.0111 
1.5, 34.0111 
1.5, 34.0111 
1.5, 34.0111 
1.5, 34.0111 
1.5, 34.0111 
1.5, 34.0111 
1.5, 34.0111 
1.5, 34.0111 
1.5, 34.0111 
1.5, 34.0111 
1.5, 34.0111 
1.5, 34.0111 
1.5, 34.0111 
1.5, 34.0111 
1.5, 34.0111 
1.5, 34.0111 
1.5, 34.0111 
1.5, 34.0111 
1.5, 34.0111 
1.5, 34.0111 
1.5, 34.0111 
1.5, 34.0111 
1.5, 34.0111 
1.5, 34.0111 
1.5, 34.0111 
1.5, 34.0111 
1.5, 34.0111 
1.5, 34.0111 
1.5, 34.0111 
1.5, 34.0111 
1.5, 34.0111 
1.5, 34.0111 
1.5, 34.0111 
1.5, 34.0111 
1.5, 34.0111 
1.5, 34.0111 
1.5, 34.0111 
1.5, 34.0111 
1.5, 34.0111 
1.5, 34.0111 
1.5, 34.0111 
1.5, 34.0111 
1.5, 34.0111 
1.5, 34.0111 
1.5, 34.0111 
1.5, 34.0111 
1.5, 34.0111 
1.5, 34.0111 
1.5, 34.0111 
1.5, 34.0111 
1.5, 34.0111 
1.5, 34.0111 
1.5, 34.0111 
1.5, 34.0111 
1.5, 34.0111 
1.5, 34.0111 
1.5, 34.0111 
1.5, 34.0111 
1.5, 34.0111 
1.5, 34.0111 
1.5, 34.0111 
1.5, 34.0111 
1.5, 34.0111 
1.5, 34.0111 
1.5, 34.0111 
1.5, 34.0111 
1.5, 34.0111 
1.5, 34.0111 
1.5, 34.0111 
1.5, 34.0111 
1.5, 34.0111 
1.5, 34.0111 
1.5, 34.0111 
1.5, 34.0111 
1.5, 34.0111 
1.5, 34.0111 
1.5, 34.0111 
1.5, 34.0111 
1.5, 34.0111 
1.5, 34.0111 
1.5, 34.0111 
1.5, 34.0111 
1.5, 34.0111 
1.5, 34.0111 
1.5, 34.0111 
1.5, 34.0111 
1.5, 34.0111 
1.5, 34.0111 
1.5, 34.0111 
1.5, 34.0111 
1.5, 34.0111 
1.5, 34.0111 
1.5, 34.0111 
1.5, 34.0111 
1.5, 34.0111 
1.5, 34.0111 
1.5, 34.0111 
1.5, 34.0111 
1.5, 34.0111 
1.5, 34.0111 
1.5, 34.0111 
1.5, 34.0111 
1.5, 34.0111 
1.5, 34.0111 
1.5, 34.0111 
1.5, 34.0111 
1.5, 34.0111 
1.5, 34.0111 
1.5, 34.0111 
1.5, 34.0111 
1.5, 34.0111 
1.5, 34.0111 
1.5, 34.0111 
1.5, 34.0111 
1.5, 34.0111 
1.5, 34.0111 
1.5, 34.0111 
1.5, 34.0111 
1.5, 34.0111 
1.5, 34.0111 
1.5, 34.0111 
1.5, 34.0111 
1.5, 34.0111 
1.5, 34.0111 
1.5, 34.0111 
1.5, 34.0111 
1.5, 34.0111 
1.5, 34.0111 
1.5, 34.0111 
1.5, 34.0111 
1.5, 34.0111 
1.5, 34.0111 
1.5, 34.0111 
1.5, 34.0111 
1.5, 34.0111 
1.5, 34.0111 
1.5, 34.0111 
1.5, 34.0111 
1.5, 34.0111 
1.5, 34.0111 
1.5, 34.0111 
1.5, 34.0111 
1.5, 34.0111 
1.5, 34.0111 
1.5, 34.0111 
1.5, 34.0111 
1.5, 34.0111 
1.5, 34.0111 
1.5, 34.0111 
1.5, 34.0111 
1.5, 34.0111 
1.5, 34.0111 
1.5, 34.0111 
1.5, 34.0111 
1.5, 34.0111 
1.5, 34.0111 
1.5, 34.0111 
1.5, 34.0111 
1.5, 34.0111 
1.5, 34.0111 
1.5, 34.0111 
1.5, 34.0111 
1.5, 34.0111 
1.5, 34.0111 
1.5, 34.0111 
1.5, 34.0111 
1.5, 34.0111 
1.5, 34.0111 
1.5, 34.0111 
1.5, 34.0111 
1.5, 34.0111 
1.5, 34.0111 
1.5, 34.0111 
1.5, 34.0111 
1.5, 34.0111 
1.5, 34.0111 
1.5, 34.0111 
1.5, 34.0111 
1.5, 34.0111 
1.5, 34.0111 
1.5, 34.0111 
1.5, 34.0111 
1.5, 34.0111 
1.5, 34.0111 
1.5, 34.0111 
1.5, 34.0111 
1.5, 34.0111 
1.5, 34.0111 
1.5, 34.0111 
1.5, 34.0111 
1.5, 34.0111 
1.5, 34.0111 
1.5, 34.0111 
1.5, 34.0111 
1.5, 34.0111 
1.5, 34.0111 
1.5, 34.0111 
1.5, 34.0111 
1.5, 34.0111 
1.5, 34.0111 
1.5, 34.0111 
1.5, 34.0111 
1.5, 34.0111 
1.5, 34.0111 
1.5, 34.0111 
1.5, 34.0111 
1.5, 34.0111 
1.5, 34.0111 
1.5, 34.0111 
1.5, 34.0111 
1.5, 34.0111 
1.5, 34.0111 
1.5, 34.0111 
1.5, 34.0111 
1.5, 34.0111 
1.5, 34.0111 
1.5, 34.0111 
1.5, 34.0111 
1.5, 34.0111 
1.5, 34.0111 
1.5, 34.0111 
1.5, 34.0111 
1.5, 34.0111 
1.5, 34.0111 
1.5, 34.0111 
1.5, 34.0111 
1.5, 34.0111 
1.5, 34.0111 
1.5, 34.0111 
1.5, 34.0111 
1.5, 34.0111 
1.5, 34.0111 
1.5, 34.0111 
1.5, 34.0111 
1.5, 34.0111 
1.5, 34.0111 
1.5, 34.0111 
1.5, 34.0111 
1.5, 34.0111 
1.5, 34.0111 
1.5, 34.0111 
1.5, 34.0111 
1.5, 34.0111 
1.5, 34.0111 
1.5, 34.0111 
1.5, 34.0111 
1.5, 34.0111 
1.5, 34.0111 
1.5, 34.0111 
1.5, 34.0111 
1.5, 34.0111 
1.5, 34.0111 
1.5, 34.0111 
1.5, 34.0111 
1.5, 34.0111 
1.5, 34.0111 
1.5, 34.0111 
1.5, 34.0111 
1.5, 34.0111 
1.5, 34.0111 
1.5, 34.0111 
1.5, 34.0111 
1.5, 34.0111 
1.5, 34.0111 
1.5, 34.0111 
1.5, 34.0111 
1.5, 34.0111 
1.5, 34.0111 
1.5, 34.0111 
1.5, 34.0111 
1.5, 34.0111 
1.5, 34.0111 
1.5, 34.0111 
1.5, 34.0111 
1.5, 34.0111 
1.5, 34.0111 
1.5, 34.0111 
1.5, 34.0111 
1.5, 34.0111 
1.5, 34.0111 
1.5, 34.0111 
1.5, 34.0111 
1.5, 34.0111 
1.5, 34.0111 
1.5, 34.0111 
1.5, 34.0111 
1.5, 34.0111 
1.5, 34.0111 
1.5, 34.0111 
1.5, 34.0111 
1.5, 34.0111 
1.5, 34.0111 
1.5, 34.0111 
1.5, 34.0111 
1.5, 34.0111 
1.5, 34.0111 
1.5, 34.0111 
1.5, 34.0111 
1.5, 34.0111 
1.5, 34.0111 
1.5, 34.0111 
1.5, 34.0111 
1.5, 34.0111 
1.5, 34.0111 
1.5, 34.0111 
1.5, 34.0111 
1.5, 34.0111 
1.45, 34.0111 
1.45, 34.0111 
1.45, 34.0111 
1.41667, 34.0111 
1.41667, 34.0111 
1.41667, 34.0111 
1.4, 34.0111 
1.4, 34.0111 
1.36667, 34.0111 
1.36667, 34.0111 
1.33333, 34.0111 
1.33333, 34.0111 
1.33333, 34.0111 
1.33333, 34.0111 
1.33333, 34.0111 
1.33333, 34.0111 
1.33333, 34.0111 
1.33333, 34.0111 
1.33333, 34.0111 
1.33333, 34.0111 
1.33333, 34.0111 
1.33333, 34.0111 
1.33333, 34.0111 
1.33333, 34.0111 
1.33333, 34.0111 
1.33333, 34.0111 
1.33333, 34.0111 
1.33333, 34.0111 
1.33333, 34.0111 
1.33333, 34.0111 
1.33333, 34.0111 
1.33333, 34.0111 
1.33333, 34.0111 
1.33333, 34.0111 
1.33333, 34.0111 
1.33333, 34.0111 
1.33333, 34.0111 
1.33333, 34.0111 
1.33333, 34.0111 
1.33333, 34.0111 
1.33333, 34.0111 
1.33333, 34.0111 
1.33333, 34.0111 
1.33333, 34.0111 
1.33333, 34.0111 
1.33333, 34.0111 
1.33333, 34.0111 
1.33333, 34.0111 
1.33333, 34.0111 
1.33333, 34.0111 
1.33333, 34.0111 
1.33333, 34.0111 
1.33333, 34.0111 
1.33333, 34.0111 
1.33333, 34.0111 
1.33333, 34.0111 
1.33333, 34.0111 
1.33333, 34.0111 
1.33333, 34.0111 
1.33333, 34.0111 
1.33333, 34.0111 
1.33333, 34.0111 
1.33333, 34.0111 
1.33333, 34.0111 
1.33333, 34.0111 
1.33333, 34.0111 
1.33333, 34.0111 
1.33333, 34.0111 
1.33333, 34.0111 
1.33333, 34.0111 
1.33333, 34.0111 
1.33333, 34.0111 
1.33333, 34.0111 
1.33333, 34.0111 
1.33333, 34.0111 
1.33333, 34.0111 
1.33333, 34.0111 
1.33333, 34.0111 
1.33333, 34.0111 
1.33333, 34.0111 
1.33333, 34.0111 
1.33333, 34.0111 
1.33333, 34.0111 
1.33333, 34.0111 
1.33333, 34.0111 
1.33333, 34.0111 
1.33333, 34.0111 
1.33333, 34.0111 
1.33333, 34.0111 
1.33333, 34.0111 
1.33333, 34.0111 
1.33333, 34.0111 
1.33333, 34.0111 
1.33333, 34.0111 
1.33333, 34.0111 
1.33333, 34.0111 
1.33333, 34.0111 
1.33333, 34.0111 
1.33333, 34.0111 
1.33333, 34.0111 
1.33333, 34.0111 
1.33333, 34.0111 
1.33333, 34.0111 
1.33333, 34.0111 
1.33333, 34.0111 
1.33333, 34.0111 
1.33333, 34.0111 
1.33333, 34.0111 
1.33333, 34.0111 
1.33333, 34.0111 
1.33333, 34.0111 
1.33333, 34.0111 
1.33333, 34.0111 
1.33333, 34.0111 
1.33333, 34.0111 
1.33333, 34.0111 
1.33333, 34.0111 
1.33333, 34.0111 
1.33333, 34.0111 
1.33333, 34.0111 
1.33333, 34.0111 
1.33333, 34.0111 
1.33333, 34.0111 
1.33333, 34.0111 
1.33333, 34.0111 
1.33333, 34.0111 
1.33333, 34.0111 
1.33333, 34.0111 
1.33333, 34.0111 
1.33333, 34.0111 
1.33333, 34.0111 
1.33333, 34.0111 
1.33333, 34.0111 
1.33333, 34.0111 
1.33333, 34.0111 
1.33333, 34.0111 
1.33333, 34.0111 
1.33333, 34.0111 
1.33333, 34.0111 
1.33333, 34.0111 
1.33333, 34.0111 
1.33333, 34.0111 
1.33333, 34.0111 
1.33333, 34.0111 
1.33333, 34.0111 
1.33333, 34.0111 
1.33333, 34.0111 
1.33333, 34.0111 
1.33333, 34.0111 
1.33333, 34.0111 
1.33333, 34.0111 
1.33333, 34.0111 
1.33333, 34.0111 
1.33333, 34.0111 
1.33333, 34.0111 
1.33333, 34.0111 
1.33333, 34.0111 
1.25, 34.0111 
1.25, 34.0111 
1.25, 34.0111 
1.25, 34.0111 
1.25, 34.0111 
1.25, 34.0111 
1.25, 34.0111 
1.25, 34.0111 
1.25, 34.0111 
1.25, 34.0111 
1.25, 34.0111 
1.25, 34.0111 
1.25, 34.0111 
1.25, 34.0111 
1.25, 34.0111 
1.25, 34.0111 
1.25, 34.0111 
1.25, 34.0111 
1.25, 34.0111 
1.25, 34.0111 
1.25, 34.0111 
1.25, 34.0111 
1.23333, 34.0111 
1.23333, 34.0111 
1.2, 34.0111 
1.2, 34.0111 
1.2, 34.0111 
1.2, 34.0111 
1.2, 34.0111 
1.2, 34.0111 
1.2, 34.0111 
1.16667, 34.0111 
1.16667, 34.0111 
1.16667, 34.0111 
1.16667, 34.0111 
1.16667, 34.0111 
1.16667, 34.0111 
1.16667, 34.0111 
1.16667, 34.0111 
1.16667, 34.0111 
1.16667, 34.0111 
1.16667, 34.0111 
1.16667, 34.0111 
1.16667, 34.0111 
1.16667, 34.0111 
1.16667, 34.0111 
1.16667, 34.0111 
1.16667, 34.0111 
1.16667, 34.0111 
1.16667, 34.0111 
1.16667, 34.0111 
1.16667, 34.0111 
1.16667, 34.0111 
1.16667, 34.0111 
1.16667, 34.0111 
1.16667, 34.0111 
1.16667, 34.0111 
1.16667, 34.0111 
1.16667, 34.0111 
1.16667, 34.0111 
1.16667, 34.0111 
1.16667, 34.0111 
1.16667, 34.0111 
1.16667, 34.0111 
1.16667, 34.0111 
1.16667, 34.0111 
1.16667, 34.0111 
1.16667, 34.0111 
1.16667, 34.0111 
1.16667, 34.0111 
1.16667, 34.0111 
1.16667, 34.0111 
1.16667, 34.0111 
1.16667, 34.0111 
1.16667, 34.0111 
1.16667, 34.0111 
1.16667, 34.0111 
1.16667, 34.0111 
1.16667, 34.0111 
1.15, 34.0111 
1.08333, 34.0111 
1.08333, 34.0111 
1.08333, 34.0111 
1.08333, 34.0111 
1.08333, 34.0111 
1.08333, 34.0111 
1.08333, 34.0111 
1.08333, 34.0111 
1.08333, 34.0111 
1.08333, 34.0111 
1.08333, 34.0111 
1.08333, 34.0111 
1.08333, 34.0111 
1.03333, 34.0111 
1.03333, 34.0111 
1.03333, 34.0111 
1.03333, 34.0111 
1.0, 34.0111 
1.0, 34.0111 
1.0, 34.0111 
1.0, 34.0111 
1.0, 34.0111 
1.0, 34.0111 
1.0, 34.0111 
1.0, 34.0111 
1.0, 34.0111 
1.0, 34.0111 
1.0, 34.0111 
1.0, 34.0111 
1.0, 34.0111 
1.0, 34.0111 
1.0, 34.0111 
1.0, 34.0111 
1.0, 34.0111 
1.0, 34.0111 
1.0, 34.0111 
1.0, 34.0111 
1.0, 34.0111 
1.0, 34.0111 
1.0, 34.0111 
1.0, 34.0111 
1.0, 34.0111 
1.0, 34.0111 
1.0, 34.0111 
1.0, 34.0111 
1.0, 34.0111 
1.0, 34.0111 
1.0, 34.0111 
1.0, 34.0111 
1.0, 34.0111 
1.0, 34.0111 
1.0, 34.0111 
1.0, 34.0111 
1.0, 34.0111 
1.0, 34.0111 
1.0, 34.0111 
1.0, 34.0111 
1.0, 34.0111 
1.0, 34.0111 
1.0, 34.0111 
1.0, 34.0111 
1.0, 34.0111 
1.0, 34.0111 
1.0, 34.0111 
1.0, 34.0111 
1.0, 34.0111 
1.0, 34.0111 
1.0, 34.0111 
1.0, 34.0111 
1.0, 34.0111 
1.0, 34.0111 
1.0, 34.0111 
1.0, 34.0111 
1.0, 34.0111 
1.0, 34.0111 
1.0, 34.0111 
1.0, 34.0111 
1.0, 34.0111 
1.0, 34.0111 
1.0, 34.0111 
1.0, 34.0111 
1.0, 34.0111 
1.0, 34.0111 
1.0, 34.0111 
1.0, 34.0111 
1.0, 34.0111 
1.0, 34.0111 
1.0, 34.0111 
1.0, 34.0111 
1.0, 34.0111 
1.0, 34.0111 
1.0, 34.0111 
1.0, 34.0111 
1.0, 34.0111 
1.0, 34.0111 
1.0, 34.0111 
1.0, 34.0111 
1.0, 34.0111 
1.0, 34.0111 
1.0, 34.0111 
1.0, 34.0111 
1.0, 34.0111 
1.0, 34.0111 
1.0, 34.0111 
1.0, 34.0111 
1.0, 34.0111 
1.0, 34.0111 
1.0, 34.0111 
1.0, 34.0111 
1.0, 34.0111 
1.0, 34.0111 
1.0, 34.0111 
1.0, 34.0111 
1.0, 34.0111 
1.0, 34.0111 
1.0, 34.0111 
1.0, 34.0111 
1.0, 34.0111 
1.0, 34.0111 
1.0, 34.0111 
1.0, 34.0111 
1.0, 34.0111 
1.0, 34.0111 
1.0, 34.0111 
1.0, 34.0111 
1.0, 34.0111 
1.0, 34.0111 
1.0, 34.0111 
1.0, 34.0111 
1.0, 34.0111 
1.0, 34.0111 
1.0, 34.0111 
1.0, 34.0111 
1.0, 34.0111 
1.0, 34.0111 
1.0, 34.0111 
1.0, 34.0111 
1.0, 34.0111 
1.0, 34.0111 
1.0, 34.0111 
1.0, 34.0111 
1.0, 34.0111 
1.0, 34.0111 
1.0, 34.0111 
1.0, 34.0111 
1.0, 34.0111 
1.0, 34.0111 
1.0, 34.0111 
1.0, 34.0111 
1.0, 34.0111 
1.0, 34.0111 
1.0, 34.0111 
1.0, 34.0111 
1.0, 34.0111 
1.0, 34.0111 
1.0, 34.0111 
1.0, 34.0111 
1.0, 34.0111 
1.0, 34.0111 
1.0, 34.0111 
1.0, 34.0111 
1.0, 34.0111 
1.0, 34.0111 
1.0, 34.0111 
1.0, 34.0111 
1.0, 34.0111 
1.0, 34.0111 
1.0, 34.0111 
1.0, 34.0111 
1.0, 34.0111 
1.0, 34.0111 
1.0, 34.0111 
1.0, 34.0111 
1.0, 34.0111 
1.0, 34.0111 
1.0, 34.0111 
1.0, 34.0111 
1.0, 34.0111 
1.0, 34.0111 
1.0, 34.0111 
1.0, 34.0111 
1.0, 34.0111 
1.0, 34.0111 
1.0, 34.0111 
1.0, 34.0111 
1.0, 34.0111 
1.0, 34.0111 
1.0, 34.0111 
1.0, 34.0111 
1.0, 34.0111 
1.0, 34.0111 
1.0, 34.0111 
1.0, 34.0111 
1.0, 34.0111 
1.0, 34.0111 
1.0, 34.0111 
1.0, 34.0111 
1.0, 34.0111 
1.0, 34.0111 
1.0, 34.0111 
1.0, 34.0111 
1.0, 34.0111 
1.0, 34.0111 
1.0, 34.0111 
1.0, 34.0111 
1.0, 34.0111 
1.0, 34.0111 
1.0, 34.0111 
1.0, 34.0111 
1.0, 34.0111 
1.0, 34.0111 
1.0, 34.0111 
1.0, 34.0111 
1.0, 34.0111 
1.0, 34.0111 
1.0, 34.0111 
1.0, 34.0111 
1.0, 34.0111 
1.0, 34.0111 
1.0, 34.0111 
1.0, 34.0111 
1.0, 34.0111 
1.0, 34.0111 
1.0, 34.0111 
1.0, 34.0111 
1.0, 34.0111 
1.0, 34.0111 
1.0, 34.0111 
1.0, 34.0111 
1.0, 34.0111 
1.0, 34.0111 
1.0, 34.0111 
1.0, 34.0111 
1.0, 34.0111 
1.0, 34.0111 
1.0, 34.0111 
1.0, 34.0111 
1.0, 34.0111 
1.0, 34.0111 
1.0, 34.0111 
1.0, 34.0111 
1.0, 34.0111 
1.0, 34.0111 
1.0, 34.0111 
1.0, 34.0111 
1.0, 34.0111 
1.0, 34.0111 
1.0, 34.0111 
1.0, 34.0111 
1.0, 34.0111 
1.0, 34.0111 
1.0, 34.0111 
1.0, 34.0111 
1.0, 34.0111 
1.0, 34.0111 
1.0, 34.0111 
1.0, 34.0111 
1.0, 34.0111 
1.0, 34.0111 
1.0, 34.0111 
1.0, 34.0111 
1.0, 34.0111 
1.0, 34.0111 
1.0, 34.0111 
1.0, 34.0111 
1.0, 34.0111 
1.0, 34.0111 
1.0, 34.0111 
1.0, 34.0111 
1.0, 34.0111 
1.0, 34.0111 
1.0, 34.0111 
1.0, 34.0111 
1.0, 34.0111 
1.0, 34.0111 
1.0, 34.0111 
1.0, 34.0111 
1.0, 34.0111 
1.0, 34.0111 
1.0, 34.0111 
1.0, 34.0111 
1.0, 34.0111 
1.0, 34.0111 
1.0, 34.0111 
1.0, 34.0111 
1.0, 34.0111 
1.0, 34.0111 
1.0, 34.0111 
1.0, 34.0111 
1.0, 34.0111 
1.0, 34.0111 
1.0, 34.0111 
1.0, 34.0111 
1.0, 34.0111 
1.0, 34.0111 
1.0, 34.0111 
1.0, 34.0111 
1.0, 34.0111 
1.0, 34.0111 
1.0, 34.0111 
1.0, 34.0111 
1.0, 34.0111 
1.0, 34.0111 
1.0, 34.0111 
1.0, 34.0111 
1.0, 34.0111 
1.0, 34.0111 
1.0, 34.0111 
1.0, 34.0111 
1.0, 34.0111 
1.0, 34.0111 
1.0, 34.0111 
1.0, 34.0111 
1.0, 34.0111 
1.0, 34.0111 
1.0, 34.0111 
1.0, 34.0111 
1.0, 34.0111 
1.0, 34.0111 
1.0, 34.0111 
1.0, 34.0111 
1.0, 34.0111 
1.0, 34.0111 
1.0, 34.0111 
1.0, 34.0111 
1.0, 34.0111 
1.0, 34.0111 
1.0, 34.0111 
1.0, 34.0111 
1.0, 34.0111 
1.0, 34.0111 
1.0, 34.0111 
1.0, 34.0111 
1.0, 34.0111 
1.0, 34.0111 
1.0, 34.0111 
1.0, 34.0111 
1.0, 34.0111 
1.0, 34.0111 
1.0, 34.0111 
1.0, 34.0111 
1.0, 34.0111 
1.0, 34.0111 
1.0, 34.0111 
1.0, 34.0111 
1.0, 34.0111 
1.0, 34.0111 
1.0, 34.0111 
1.0, 34.0111 
1.0, 34.0111 
1.0, 34.0111 
1.0, 34.0111 
1.0, 34.0111 
1.0, 34.0111 
1.0, 34.0111 
1.0, 34.0111 
1.0, 34.0111 
1.0, 34.0111 
1.0, 34.0111 
1.0, 34.0111 
1.0, 34.0111 
1.0, 34.0111 
1.0, 34.0111 
1.0, 34.0111 
1.0, 34.0111 
1.0, 34.0111 
1.0, 34.0111 
1.0, 34.0111 
1.0, 34.0111 
1.0, 34.0111 
1.0, 34.0111 
1.0, 34.0111 
1.0, 34.0111 
1.0, 34.0111 
1.0, 34.0111 
1.0, 34.0111 
1.0, 34.0111 
1.0, 34.0111 
1.0, 34.0111 
1.0, 34.0111 
1.0, 34.0111 
1.0, 34.0111 
1.0, 34.0111 
1.0, 34.0111 
1.0, 34.0111 
1.0, 34.0111 
1.0, 34.0111 
1.0, 34.0111 
1.0, 34.0111 
1.0, 34.0111 
1.0, 34.0111 
1.0, 34.0111 
1.0, 34.0111 
1.0, 34.0111 
1.0, 34.0111 
1.0, 34.0111 
1.0, 34.0111 
1.0, 34.0111 
1.0, 34.0111 
1.0, 34.0111 
1.0, 34.0111 
1.0, 34.0111 
1.0, 34.0111 
1.0, 34.0111 
1.0, 34.0111 
1.0, 34.0111 
1.0, 34.0111 
1.0, 34.0111 
1.0, 34.0111 
1.0, 34.0111 
1.0, 34.0111 
1.0, 34.0111 
1.0, 34.0111 
1.0, 34.0111 
1.0, 34.0111 
1.0, 34.0111 
1.0, 34.0111 
1.0, 34.0111 
1.0, 34.0111 
1.0, 34.0111 
1.0, 34.0111 
1.0, 34.0111 
1.0, 34.0111 
1.0, 34.0111 
1.0, 34.0111 
1.0, 34.0111 
1.0, 34.0111 
1.0, 34.0111 
1.0, 34.0111 
1.0, 34.0111 
1.0, 34.0111 
1.0, 34.0111 
1.0, 34.0111 
1.0, 34.0111 
1.0, 34.0111 
1.0, 34.0111 
1.0, 34.0111 
1.0, 34.0111 
1.0, 34.0111 
1.0, 34.0111 
1.0, 34.0111 
1.0, 34.0111 
1.0, 34.0111 
1.0, 34.0111 
1.0, 34.0111 
1.0, 34.0111 
1.0, 34.0111 
1.0, 34.0111 
1.0, 34.0111 
1.0, 34.0111 
1.0, 34.0111 
1.0, 34.0111 
1.0, 34.0111 
1.0, 34.0111 
1.0, 34.0111 
1.0, 34.0111 
1.0, 34.0111 
1.0, 34.0111 
1.0, 34.0111 
1.0, 34.0111 
1.0, 34.0111 
1.0, 34.0111 
1.0, 34.0111 
1.0, 34.0111 
1.0, 34.0111 
1.0, 34.0111 
1.0, 34.0111 
1.0, 34.0111 
1.0, 34.0111 
1.0, 34.0111 
1.0, 34.0111 
1.0, 34.0111 
1.0, 34.0111 
1.0, 34.0111 
1.0, 34.0111 
1.0, 34.0111 
1.0, 34.0111 
1.0, 34.0111 
1.0, 34.0111 
1.0, 34.0111 
1.0, 34.0111 
1.0, 34.0111 
1.0, 34.0111 
1.0, 34.0111 
1.0, 34.0111 
1.0, 34.0111 
1.0, 34.0111 
1.0, 34.0111 
1.0, 34.0111 
1.0, 34.0111 
1.0, 34.0111 
1.0, 34.0111 
1.0, 34.0111 
1.0, 34.0111 
1.0, 34.0111 
1.0, 34.0111 
1.0, 34.0111 
1.0, 34.0111 
1.0, 34.0111 
1.0, 34.0111 
1.0, 34.0111 
1.0, 34.0111 
1.0, 34.0111 
1.0, 34.0111 
1.0, 34.0111 
1.0, 34.0111 
1.0, 34.0111 
1.0, 34.0111 
1.0, 34.0111 
1.0, 34.0111 
1.0, 34.0111 
1.0, 34.0111 
1.0, 34.0111 
1.0, 34.0111 
1.0, 34.0111 
1.0, 34.0111 
1.0, 34.0111 
1.0, 34.0111 
1.0, 34.0111 
1.0, 34.0111 
1.0, 34.0111 
1.0, 34.0111 
1.0, 34.0111 
1.0, 34.0111 
1.0, 34.0111 
1.0, 34.0111 
1.0, 34.0111 
1.0, 34.0111 
1.0, 34.0111 
1.0, 34.0111 
1.0, 34.0111 
1.0, 34.0111 
1.0, 34.0111 
1.0, 34.0111 
1.0, 34.0111 
1.0, 34.0111 
1.0, 34.0111 
1.0, 34.0111 
1.0, 34.0111 
1.0, 34.0111 
1.0, 34.0111 
1.0, 34.0111 
1.0, 34.0111 
1.0, 34.0111 
1.0, 34.0111 
1.0, 34.0111 
1.0, 34.0111 
1.0, 34.0111 
1.0, 34.0111 
1.0, 34.0111 
1.0, 34.0111 
1.0, 34.0111 
1.0, 34.0111 
1.0, 34.0111 
1.0, 34.0111 
1.0, 34.0111 
1.0, 34.0111 
1.0, 34.0111 
1.0, 34.0111 
1.0, 34.0111 
1.0, 34.0111 
1.0, 34.0111 
1.0, 34.0111 
1.0, 34.0111 
1.0, 34.0111 
1.0, 34.0111 
1.0, 34.0111 
1.0, 34.0111 
1.0, 34.0111 
1.0, 34.0111 
1.0, 34.0111 
1.0, 34.0111 
1.0, 34.0111 
1.0, 34.0111 
1.0, 34.0111 
1.0, 34.0111 
1.0, 34.0111 
1.0, 34.0111 
1.0, 34.0111 
1.0, 34.0111 
1.0, 34.0111 
1.0, 34.0111 
1.0, 34.0111 
1.0, 34.0111 
1.0, 34.0111 
1.0, 34.0111 
1.0, 34.0111 
1.0, 34.0111 
1.0, 34.0111 
1.0, 34.0111 
1.0, 34.0111 
1.0, 34.0111 
1.0, 34.0111 
1.0, 34.0111 
1.0, 34.0111 
1.0, 34.0111 
1.0, 34.0111 
1.0, 34.0111 
1.0, 34.0111 
1.0, 34.0111 
1.0, 34.0111 
1.0, 34.0111 
1.0, 34.0111 
1.0, 34.0111 
1.0, 34.0111 
1.0, 34.0111 
1.0, 34.0111 
1.0, 34.0111 
1.0, 34.0111 
1.0, 34.0111 
1.0, 34.0111 
1.0, 34.0111 
1.0, 34.0111 
1.0, 34.0111 
1.0, 34.0111 
1.0, 34.0111 
1.0, 34.0111 
1.0, 34.0111 
1.0, 34.0111 
1.0, 34.0111 
1.0, 34.0111 
1.0, 34.0111 
1.0, 34.0111 
1.0, 34.0111 
1.0, 34.0111 
1.0, 34.0111 
1.0, 34.0111 
1.0, 34.0111 
1.0, 34.0111 
1.0, 34.0111 
1.0, 34.0111 
1.0, 34.0111 
1.0, 34.0111 
1.0, 34.0111 
1.0, 34.0111 
1.0, 34.0111 
1.0, 34.0111 
1.0, 34.0111 
1.0, 34.0111 
1.0, 34.0111 
1.0, 34.0111 
1.0, 34.0111 
1.0, 34.0111 
1.0, 34.0111 
1.0, 34.0111 
1.0, 34.0111 
1.0, 34.0111 
1.0, 34.0111 
1.0, 34.0111 
1.0, 34.0111 
1.0, 34.0111 
1.0, 34.0111 
1.0, 34.0111 
1.0, 34.0111 
1.0, 34.0111 
1.0, 34.0111 
1.0, 34.0111 
1.0, 34.0111 
1.0, 34.0111 
1.0, 34.0111 
1.0, 34.0111 
1.0, 34.0111 
1.0, 34.0111 
1.0, 34.0111 
1.0, 34.0111 
1.0, 34.0111 
1.0, 34.0111 
1.0, 34.0111 
1.0, 34.0111 
1.0, 34.0111 
1.0, 34.0111 
1.0, 34.0111 
1.0, 34.0111 
1.0, 34.0111 
1.0, 34.0111 
1.0, 34.0111 
1.0, 34.0111 
1.0, 34.0111 
1.0, 34.0111 
1.0, 34.0111 
1.0, 34.0111 
1.0, 34.0111 
1.0, 34.0111 
1.0, 34.0111 
1.0, 34.0111 
1.0, 34.0111 
1.0, 34.0111 
1.0, 34.0111 
1.0, 34.0111 
1.0, 34.0111 
1.0, 34.0111 
1.0, 34.0111 
1.0, 34.0111 
1.0, 34.0111 
1.0, 34.0111 
1.0, 34.0111 
1.0, 34.0111 
1.0, 34.0111 
1.0, 34.0111 
1.0, 34.0111 
1.0, 34.0111 
1.0, 34.0111 
1.0, 34.0111 
1.0, 34.0111 
1.0, 34.0111 
1.0, 34.0111 
1.0, 34.0111 
1.0, 34.0111 
1.0, 34.0111 
1.0, 34.0111 
1.0, 34.0111 
1.0, 34.0111 
1.0, 34.0111 
1.0, 34.0111 
1.0, 34.0111 
1.0, 34.0111 
1.0, 34.0111 
1.0, 34.0111 
1.0, 34.0111 
1.0, 34.0111 
1.0, 34.0111 
1.0, 34.0111 
1.0, 34.0111 
1.0, 34.0111 
1.0, 34.0111 
1.0, 34.0111 
1.0, 34.0111 
1.0, 34.0111 
1.0, 34.0111 
1.0, 34.0111 
1.0, 34.0111 
1.0, 34.0111 
1.0, 34.0111 
1.0, 34.0111 
1.0, 34.0111 
1.0, 34.0111 
1.0, 34.0111 
1.0, 34.0111 
1.0, 34.0111 
1.0, 34.0111 
1.0, 34.0111 
1.0, 34.0111 
1.0, 34.0111 
1.0, 34.0111 
1.0, 34.0111 
1.0, 34.0111 
1.0, 34.0111 
1.0, 34.0111 
1.0, 34.0111 
1.0, 34.0111 
1.0, 34.0111 
1.0, 34.0111 
1.0, 34.0111 
1.0, 34.0111 
1.0, 34.0111 
1.0, 34.0111 
1.0, 34.0111 
1.0, 34.0111 
1.0, 34.0111 
1.0, 34.0111 
1.0, 34.0111 
1.0, 34.0111 
1.0, 34.0111 
1.0, 34.0111 
1.0, 34.0111 
1.0, 34.0111 
1.0, 34.0111 
1.0, 34.0111 
1.0, 34.0111 
1.0, 34.0111 
1.0, 34.0111 
1.0, 34.0111 
1.0, 34.0111 
1.0, 34.0111 
1.0, 34.0111 
1.0, 34.0111 
1.0, 34.0111 
1.0, 34.0111 
1.0, 34.0111 
1.0, 34.0111 
1.0, 34.0111 
1.0, 34.0111 
1.0, 34.0111 
1.0, 34.0111 
1.0, 34.0111 
1.0, 34.0111 
1.0, 34.0111 
1.0, 34.0111 
1.0, 34.0111 
1.0, 34.0111 
1.0, 34.0111 
1.0, 34.0111 
1.0, 34.0111 
1.0, 34.0111 
1.0, 34.0111 
1.0, 34.0111 
1.0, 34.0111 
1.0, 34.0111 
1.0, 34.0111 
1.0, 34.0111 
1.0, 34.0111 
1.0, 34.0111 
1.0, 34.0111 
1.0, 34.0111 
1.0, 34.0111 
1.0, 34.0111 
1.0, 34.0111 
1.0, 34.0111 
1.0, 34.0111 
1.0, 34.0111 
1.0, 34.0111 
1.0, 34.0111 
1.0, 34.0111 
1.0, 34.0111 
1.0, 34.0111 
1.0, 34.0111 
1.0, 34.0111 
1.0, 34.0111 
1.0, 34.0111 
1.0, 34.0111 
1.0, 34.0111 
1.0, 34.0111 
1.0, 34.0111 
1.0, 34.0111 
1.0, 34.0111 
1.0, 34.0111 
1.0, 34.0111 
1.0, 34.0111 
1.0, 34.0111 
1.0, 34.0111 
1.0, 34.0111 
1.0, 34.0111 
1.0, 34.0111 
1.0, 34.0111 
1.0, 34.0111 
1.0, 34.0111 
1.0, 34.0111 
1.0, 34.0111 
1.0, 34.0111 
1.0, 34.0111 
1.0, 34.0111 
1.0, 34.0111 
1.0, 34.0111 
1.0, 34.0111 
1.0, 34.0111 
1.0, 34.0111 
1.0, 34.0111 
1.0, 34.0111 
1.0, 34.0111 
1.0, 34.0111 
1.0, 34.0111 
1.0, 34.0111 
1.0, 34.0111 
1.0, 34.0111 
1.0, 34.0111 
1.0, 34.0111 
1.0, 34.0111 
1.0, 34.0111 
1.0, 34.0111 
1.0, 34.0111 
1.0, 34.0111 
1.0, 34.0111 
1.0, 34.0111 
1.0, 34.0111 
1.0, 34.0111 
1.0, 34.0111 
1.0, 34.0111 
1.0, 34.0111 
1.0, 34.0111 
1.0, 34.0111 
1.0, 34.0111 
1.0, 34.0111 
1.0, 34.0111 
1.0, 34.0111 
1.0, 34.0111 
1.0, 34.0111 
1.0, 34.0111 
1.0, 34.0111 
1.0, 34.0111 
1.0, 34.0111 
1.0, 34.0111 
1.0, 34.0111 
1.0, 34.0111 
1.0, 34.0111 
1.0, 34.0111 
1.0, 34.0111 
1.0, 34.0111 
1.0, 34.0111 
1.0, 34.0111 
1.0, 34.0111 
1.0, 34.0111 
1.0, 34.0111 
1.0, 34.0111 
1.0, 34.0111 
1.0, 34.0111 
1.0, 34.0111 
1.0, 34.0111 
1.0, 34.0111 
1.0, 34.0111 
1.0, 34.0111 
1.0, 34.0111 
1.0, 34.0111 
1.0, 34.0111 
1.0, 34.0111 
1.0, 34.0111 
1.0, 34.0111 
1.0, 34.0111 
1.0, 34.0111 
1.0, 34.0111 
1.0, 34.0111 
1.0, 34.0111 
1.0, 34.0111 
1.0, 34.0111 
1.0, 34.0111 
1.0, 34.0111 
1.0, 34.0111 
1.0, 34.0111 
1.0, 34.0111 
1.0, 34.0111 
1.0, 34.0111 
1.0, 34.0111 
1.0, 34.0111 
1.0, 34.0111 
1.0, 34.0111 
1.0, 34.0111 
1.0, 34.0111 
1.0, 34.0111 
1.0, 34.0111 
1.0, 34.0111 
1.0, 34.0111 
1.0, 34.0111 
1.0, 34.0111 
1.0, 34.0111 
1.0, 34.0111 
1.0, 34.0111 
1.0, 34.0111 
1.0, 34.0111 
1.0, 34.0111 
1.0, 34.0111 
1.0, 34.0111 
1.0, 34.0111 
1.0, 34.0111 
1.0, 34.0111 
1.0, 34.0111 
1.0, 34.0111 
1.0, 34.0111 
1.0, 34.0111 
1.0, 34.0111 
1.0, 34.0111 
1.0, 34.0111 
1.0, 34.0111 
1.0, 34.0111 
1.0, 34.0111 
1.0, 34.0111 
1.0, 34.0111 
1.0, 34.0111 
1.0, 34.0111 
1.0, 34.0111 
1.0, 34.0111 
1.0, 34.0111 
1.0, 34.0111 
1.0, 34.0111 
1.0, 34.0111 
1.0, 34.0111 
1.0, 34.0111 
1.0, 34.0111 
1.0, 34.0111 
1.0, 34.0111 
1.0, 34.0111 
1.0, 34.0111 
1.0, 34.0111 
1.0, 34.0111 
1.0, 34.0111 
1.0, 34.0111 
1.0, 34.0111 
1.0, 34.0111 
1.0, 34.0111 
1.0, 34.0111 
1.0, 34.0111 
1.0, 34.0111 
1.0, 34.0111 
1.0, 34.0111 
1.0, 34.0111 
1.0, 34.0111 
1.0, 34.0111 
1.0, 34.0111 
1.0, 34.0111 
1.0, 34.0111 
1.0, 34.0111 
1.0, 34.0111 
1.0, 34.0111 
1.0, 34.0111 
1.0, 34.0111 
1.0, 34.0111 
1.0, 34.0111 
1.0, 34.0111 
1.0, 34.0111 
1.0, 34.0111 
1.0, 34.0111 
1.0, 34.0111 
1.0, 34.0111 
1.0, 34.0111 
1.0, 34.0111 
1.0, 34.0111 
1.0, 34.0111 
1.0, 34.0111 
1.0, 34.0111 
1.0, 34.0111 
1.0, 34.0111 
1.0, 34.0111 
1.0, 34.0111 
1.0, 34.0111 
1.0, 34.0111 
1.0, 34.0111 
1.0, 34.0111 
1.0, 34.0111 
1.0, 34.0111 
1.0, 34.0111 
1.0, 34.0111 
1.0, 34.0111 
1.0, 34.0111 
1.0, 34.0111 
1.0, 34.0111 
1.0, 34.0111 
1.0, 34.0111 
1.0, 34.0111 
1.0, 34.0111 
1.0, 34.0111 
1.0, 34.0111 
1.0, 34.0111 
1.0, 34.0111 
1.0, 34.0111 
1.0, 34.0111 
1.0, 34.0111 
1.0, 34.0111 
1.0, 34.0111 
1.0, 34.0111 
1.0, 34.0111 
1.0, 34.0111 
1.0, 34.0111 
1.0, 34.0111 
1.0, 34.0111 
1.0, 34.0111 
1.0, 34.0111 
1.0, 34.0111 
1.0, 34.0111 
1.0, 34.0111 
1.0, 34.0111 
1.0, 34.0111 
1.0, 34.0111 
1.0, 34.0111 
1.0, 34.0111 
1.0, 34.0111 
1.0, 34.0111 
1.0, 34.0111 
1.0, 34.0111 
1.0, 34.0111 
1.0, 34.0111 
1.0, 34.0111 
1.0, 34.0111 
1.0, 34.0111 
1.0, 34.0111 
1.0, 34.0111 
1.0, 34.0111 
1.0, 34.0111 
1.0, 34.0111 
1.0, 34.0111 
1.0, 34.0111 
1.0, 34.0111 
1.0, 34.0111 
1.0, 34.0111 
1.0, 34.0111 
1.0, 34.0111 
1.0, 34.0111 
1.0, 34.0111 
1.0, 34.0111 
1.0, 34.0111 
1.0, 34.0111 
1.0, 34.0111 
1.0, 34.0111 
1.0, 34.0111 
1.0, 34.0111 
1.0, 34.0111 
1.0, 34.0111 
1.0, 34.0111 
1.0, 34.0111 
1.0, 34.0111 
1.0, 34.0111 
1.0, 34.0111 
1.0, 34.0111 
1.0, 34.0111 
1.0, 34.0111 
1.0, 34.0111 
1.0, 34.0111 
1.0, 34.0111 
1.0, 34.0111 
1.0, 34.0111 
1.0, 34.0111 
1.0, 34.0111 
1.0, 34.0111 
1.0, 34.0111 
1.0, 34.0111 
1.0, 34.0111 
1.0, 34.0111 
1.0, 34.0111 
1.0, 34.0111 
1.0, 34.0111 
1.0, 34.0111 
1.0, 34.0111 
1.0, 34.0111 
1.0, 34.0111 
1.0, 34.0111 
1.0, 34.0111 
1.0, 34.0111 
1.0, 34.0111 
1.0, 34.0111 
1.0, 34.0111 
1.0, 34.0111 
1.0, 34.0111 
1.0, 34.0111 
1.0, 34.0111 
1.0, 34.0111 
1.0, 34.0111 
1.0, 34.0111 
1.0, 34.0111 
1.0, 34.0111 
1.0, 34.0111 
1.0, 34.0111 
1.0, 34.0111 
1.0, 34.0111 
1.0, 34.0111 
1.0, 34.0111 
1.0, 34.0111 
1.0, 34.0111 
1.0, 34.0111 
1.0, 34.0111 
1.0, 34.0111 
1.0, 34.0111 
1.0, 34.0111 
1.0, 34.0111 
1.0, 34.0111 
1.0, 34.0111 
1.0, 34.0111 
1.0, 34.0111 
1.0, 34.0111 
1.0, 34.0111 
1.0, 34.0111 
1.0, 34.0111 
1.0, 34.0111 
1.0, 34.0111 
1.0, 34.0111 
1.0, 34.0111 
1.0, 34.0111 
1.0, 34.0111 
1.0, 34.0111 
1.0, 34.0111 
1.0, 34.0111 
1.0, 34.0111 
1.0, 34.0111 
1.0, 34.0111 
1.0, 34.0111 
1.0, 34.0111 
1.0, 34.0111 
1.0, 34.0111 
1.0, 34.0111 
1.0, 34.0111 
1.0, 34.0111 
1.0, 34.0111 
1.0, 34.0111 
1.0, 34.0111 
1.0, 34.0111 
1.0, 34.0111 
1.0, 34.0111 
1.0, 34.0111 
1.0, 34.0111 
1.0, 34.0111 
1.0, 34.0111 
1.0, 34.0111 
1.0, 34.0111 
1.0, 34.0111 
1.0, 34.0111 
1.0, 34.0111 
1.0, 34.0111 
1.0, 34.0111 
1.0, 34.0111 
1.0, 34.0111 
1.0, 34.0111 
1.0, 34.0111 
1.0, 34.0111 
1.0, 34.0111 
1.0, 34.0111 
1.0, 34.0111 
1.0, 34.0111 
1.0, 34.0111 
1.0, 34.0111 
1.0, 34.0111 
1.0, 34.0111 
1.0, 34.0111 
1.0, 34.0111 
1.0, 34.0111 
1.0, 34.0111 
1.0, 34.0111 
1.0, 34.0111 
1.0, 34.0111 
1.0, 34.0111 
1.0, 34.0111 
1.0, 34.0111 
1.0, 34.0111 
1.0, 34.0111 
1.0, 34.0111 
1.0, 34.0111 
1.0, 34.0111 
1.0, 34.0111 
1.0, 34.0111 
1.0, 34.0111 
1.0, 34.0111 
1.0, 34.0111 
1.0, 34.0111 
1.0, 34.0111 
1.0, 34.0111 
1.0, 34.0111 
1.0, 34.0111 
1.0, 34.0111 
1.0, 34.0111 
1.0, 34.0111 
1.0, 34.0111 
1.0, 34.0111 
1.0, 34.0111 
1.0, 34.0111 
1.0, 34.0111 
1.0, 34.0111 
1.0, 34.0111 
1.0, 34.0111 
1.0, 34.0111 
1.0, 34.0111 
1.0, 34.0111 
1.0, 34.0111 
1.0, 34.0111 
1.0, 34.0111 
1.0, 34.0111 
1.0, 34.0111 
1.0, 34.0111 
1.0, 34.0111 
1.0, 34.0111 
1.0, 34.0111 
1.0, 34.0111 
1.0, 34.0111 
1.0, 34.0111 
1.0, 34.0111 
1.0, 34.0111 
1.0, 34.0111 
1.0, 34.0111 
1.0, 34.0111 
1.0, 34.0111 
1.0, 34.0111 
1.0, 34.0111 
1.0, 34.0111 
1.0, 34.0111 
1.0, 34.0111 
1.0, 34.0111 
1.0, 34.0111 
1.0, 34.0111 
1.0, 34.0111 
1.0, 34.0111 
1.0, 34.0111 
1.0, 34.0111 
1.0, 34.0111 
1.0, 34.0111 
1.0, 34.0111 
1.0, 34.0111 
1.0, 34.0111 
1.0, 34.0111 
1.0, 34.0111 
1.0, 34.0111 
1.0, 34.0111 
1.0, 34.0111 
1.0, 34.0111 
1.0, 34.0111 
1.0, 34.0111 
1.0, 34.0111 
1.0, 34.0111 
1.0, 34.0111 
1.0, 34.0111 
1.0, 34.0111 
1.0, 34.0111 
1.0, 34.0111 
1.0, 34.0111 
1.0, 34.0111 
1.0, 34.0111 
1.0, 34.0111 
1.0, 34.0111 
1.0, 34.0111 
1.0, 34.0111 
1.0, 34.0111 
1.0, 34.0111 
1.0, 34.0111 
1.0, 34.0111 
1.0, 34.0111 
1.0, 34.0111 
1.0, 34.0111 
1.0, 34.0111 
1.0, 34.0111 
1.0, 34.0111 
1.0, 34.0111 
1.0, 34.0111 
1.0, 34.0111 
1.0, 34.0111 
1.0, 34.0111 
1.0, 34.0111 
1.0, 34.0111 
1.0, 34.0111 
1.0, 34.0111 
1.0, 34.0111 
1.0, 34.0111 
1.0, 34.0111 
1.0, 34.0111 
1.0, 34.0111 
1.0, 34.0111 
1.0, 34.0111 
1.0, 34.0111 
1.0, 34.0111 
1.0, 34.0111 
1.0, 34.0111 
1.0, 34.0111 
1.0, 34.0111 
1.0, 34.0111 
1.0, 34.0111 
1.0, 34.0111 
1.0, 34.0111 
1.0, 34.0111 
1.0, 34.0111 
1.0, 34.0111 
1.0, 34.0111 
1.0, 34.0111 
1.0, 34.0111 
1.0, 34.0111 
1.0, 34.0111 
1.0, 34.0111 
1.0, 34.0111 
1.0, 34.0111 
1.0, 34.0111 
1.0, 34.0111 
1.0, 34.0111 
1.0, 34.0111 
1.0, 34.0111 
1.0, 34.0111 
1.0, 34.0111 
1.0, 34.0111 
1.0, 34.0111 
1.0, 34.0111 
1.0, 34.0111 
1.0, 34.0111 
1.0, 34.0111 
1.0, 34.0111 
1.0, 34.0111 
1.0, 34.0111 
1.0, 34.0111 
1.0, 34.0111 
1.0, 34.0111 
1.0, 34.0111 
1.0, 34.0111 
1.0, 34.0111 
1.0, 34.0111 
1.0, 34.0111 
1.0, 34.0111 
1.0, 34.0111 
1.0, 34.0111 
1.0, 34.0111 
1.0, 34.0111 
1.0, 34.0111 
1.0, 34.0111 
1.0, 34.0111 
1.0, 34.0111 
1.0, 34.0111 
1.0, 34.0111 
1.0, 34.0111 
1.0, 34.0111 
1.0, 34.0111 
1.0, 34.0111 
1.0, 34.0111 
1.0, 34.0111 
1.0, 34.0111 
1.0, 34.0111 
1.0, 34.0111 
1.0, 34.0111 
1.0, 34.0111 
1.0, 34.0111 
1.0, 34.0111 
1.0, 34.0111 
1.0, 34.0111 
1.0, 34.0111 
1.0, 34.0111 
1.0, 34.0111 
1.0, 34.0111 
1.0, 34.0111 
1.0, 34.0111 
1.0, 34.0111 
1.0, 34.0111 
1.0, 34.0111 
1.0, 34.0111 
1.0, 34.0111 
1.0, 34.0111 
1.0, 34.0111 
1.0, 34.0111 
1.0, 34.0111 
1.0, 34.0111 
1.0, 34.0111 
1.0, 34.0111 
1.0, 34.0111 
1.0, 34.0111 
1.0, 34.0111 
1.0, 34.0111 
1.0, 34.0111 
1.0, 34.0111 
1.0, 34.0111 
1.0, 34.0111 
1.0, 34.0111 
1.0, 34.0111 
1.0, 34.0111 
1.0, 34.0111 
1.0, 34.0111 
1.0, 34.0111 
1.0, 34.0111 
1.0, 34.0111 
1.0, 34.0111 
1.0, 34.0111 
1.0, 34.0111 
1.0, 34.0111 
1.0, 34.0111 
1.0, 34.0111 
1.0, 34.0111 
1.0, 34.0111 
1.0, 34.0111 
1.0, 34.0111 
1.0, 34.0111 
1.0, 34.0111 
1.0, 34.0111 
1.0, 34.0111 
1.0, 34.0111 
1.0, 34.0111 
1.0, 34.0111 
1.0, 34.0111 
1.0, 34.0111 
1.0, 34.0111 
1.0, 34.0111 
1.0, 34.0111 
1.0, 34.0111 
1.0, 34.0111 
1.0, 34.0111 
1.0, 34.0111 
1.0, 34.0111 
1.0, 34.0111 
1.0, 34.0111 
1.0, 34.0111 
1.0, 34.0111 
1.0, 34.0111 
1.0, 34.0111 
1.0, 34.0111 
1.0, 34.0111 
1.0, 34.0111 
1.0, 34.0111 
1.0, 34.0111 
1.0, 34.0111 
1.0, 34.0111 
1.0, 34.0111 
1.0, 34.0111 
1.0, 34.0111 
1.0, 34.0111 
1.0, 34.0111 
1.0, 34.0111 
1.0, 34.0111 
1.0, 34.0111 
1.0, 34.0111 
1.0, 34.0111 
1.0, 34.0111 
1.0, 34.0111 
1.0, 34.0111 
1.0, 34.0111 
1.0, 34.0111 
1.0, 34.0111 
1.0, 34.0111 
1.0, 34.0111 
1.0, 34.0111 
1.0, 34.0111 
1.0, 34.0111 
1.0, 34.0111 
1.0, 34.0111 
1.0, 34.0111 
1.0, 34.0111 
1.0, 34.0111 
1.0, 34.0111 
1.0, 34.0111 
1.0, 34.0111 
1.0, 34.0111 
1.0, 34.0111 
1.0, 34.0111 
1.0, 34.0111 
1.0, 34.0111 
1.0, 34.0111 
1.0, 34.0111 
1.0, 34.0111 
1.0, 34.0111 
1.0, 34.0111 
1.0, 34.0111 
1.0, 34.0111 
1.0, 34.0111 
1.0, 34.0111 
1.0, 34.0111 
1.0, 34.0111 
1.0, 34.0111 
1.0, 34.0111 
1.0, 34.0111 
1.0, 34.0111 
1.0, 34.0111 
1.0, 34.0111 
1.0, 34.0111 
1.0, 34.0111 
1.0, 34.0111 
1.0, 34.0111 
1.0, 34.0111 
1.0, 34.0111 
1.0, 34.0111 
0.95, 34.0111 
0.95, 34.0111 
0.95, 34.0111 
0.933333, 34.0111 
0.916667, 34.0111 
0.916667, 34.0111 
0.916667, 34.0111 
0.916667, 34.0111 
0.916667, 34.0111 
0.916667, 34.0111 
0.916667, 34.0111 
0.916667, 34.0111 
0.916667, 34.0111 
0.916667, 34.0111 
0.916667, 34.0111 
0.9, 34.0111 
0.866667, 34.0111 
0.866667, 34.0111 
0.85, 34.0111 
0.833333, 34.0111 
0.833333, 34.0111 
0.833333, 34.0111 
0.833333, 34.0111 
0.833333, 34.0111 
0.833333, 34.0111 
0.833333, 34.0111 
0.833333, 34.0111 
0.833333, 34.0111 
0.833333, 34.0111 
0.833333, 34.0111 
0.833333, 34.0111 
0.833333, 34.0111 
0.833333, 34.0111 
0.833333, 34.0111 
0.833333, 34.0111 
0.833333, 34.0111 
0.833333, 34.0111 
0.833333, 34.0111 
0.833333, 34.0111 
0.833333, 34.0111 
0.833333, 34.0111 
0.833333, 34.0111 
0.833333, 34.0111 
0.833333, 34.0111 
0.833333, 34.0111 
0.833333, 34.0111 
0.833333, 34.0111 
0.833333, 34.0111 
0.833333, 34.0111 
0.833333, 34.0111 
0.833333, 34.0111 
0.833333, 34.0111 
0.833333, 34.0111 
0.833333, 34.0111 
0.833333, 34.0111 
0.833333, 34.0111 
0.833333, 34.0111 
0.833333, 34.0111 
0.833333, 34.0111 
0.833333, 34.0111 
0.833333, 34.0111 
0.833333, 34.0111 
0.833333, 34.0111 
0.833333, 34.0111 
0.833333, 34.0111 
0.833333, 34.0111 
0.833333, 34.0111 
0.833333, 34.0111 
0.833333, 34.0111 
0.833333, 34.0111 
0.833333, 34.0111 
0.833333, 34.0111 
0.833333, 34.0111 
0.833333, 34.0111 
0.833333, 34.0111 
0.833333, 34.0111 
0.833333, 34.0111 
0.833333, 34.0111 
0.833333, 34.0111 
0.833333, 34.0111 
0.833333, 34.0111 
0.833333, 34.0111 
0.833333, 34.0111 
0.833333, 34.0111 
0.833333, 34.0111 
0.833333, 34.0111 
0.833333, 34.0111 
0.833333, 34.0111 
0.833333, 34.0111 
0.833333, 34.0111 
0.833333, 34.0111 
0.833333, 34.0111 
0.833333, 34.0111 
0.833333, 34.0111 
0.833333, 34.0111 
0.833333, 34.0111 
0.833333, 34.0111 
0.833333, 34.0111 
0.833333, 34.0111 
0.833333, 34.0111 
0.833333, 34.0111 
0.833333, 34.0111 
0.833333, 34.0111 
0.833333, 34.0111 
0.833333, 34.0111 
0.833333, 34.0111 
0.833333, 34.0111 
0.833333, 34.0111 
0.833333, 34.0111 
0.833333, 34.0111 
0.833333, 34.0111 
0.833333, 34.0111 
0.833333, 34.0111 
0.833333, 34.0111 
0.833333, 34.0111 
0.833333, 34.0111 
0.833333, 34.0111 
0.833333, 34.0111 
0.833333, 34.0111 
0.833333, 34.0111 
0.833333, 34.0111 
0.833333, 34.0111 
0.833333, 34.0111 
0.833333, 34.0111 
0.833333, 34.0111 
0.833333, 34.0111 
0.833333, 34.0111 
0.833333, 34.0111 
0.833333, 34.0111 
0.833333, 34.0111 
0.833333, 34.0111 
0.833333, 34.0111 
0.833333, 34.0111 
0.833333, 34.0111 
0.833333, 34.0111 
0.833333, 34.0111 
0.833333, 34.0111 
0.833333, 34.0111 
0.833333, 34.0111 
0.833333, 34.0111 
0.833333, 34.0111 
0.833333, 34.0111 
0.833333, 34.0111 
0.833333, 34.0111 
0.833333, 34.0111 
0.833333, 34.0111 
0.833333, 34.0111 
0.833333, 34.0111 
0.833333, 34.0111 
0.833333, 34.0111 
0.833333, 34.0111 
0.833333, 34.0111 
0.783333, 34.0111 
0.75, 34.0111 
0.75, 34.0111 
0.75, 34.0111 
0.75, 34.0111 
0.75, 34.0111 
0.75, 34.0111 
0.75, 34.0111 
0.75, 34.0111 
0.75, 34.0111 
0.75, 34.0111 
0.75, 34.0111 
0.75, 34.0111 
0.75, 34.0111 
0.75, 34.0111 
0.75, 34.0111 
0.75, 34.0111 
0.75, 34.0111 
0.75, 34.0111 
0.75, 34.0111 
0.75, 34.0111 
0.75, 34.0111 
0.75, 34.0111 
0.75, 34.0111 
0.75, 34.0111 
0.75, 34.0111 
0.75, 34.0111 
0.75, 34.0111 
0.75, 34.0111 
0.75, 34.0111 
0.75, 34.0111 
0.75, 34.0111 
0.75, 34.0111 
0.75, 34.0111 
0.75, 34.0111 
0.75, 34.0111 
0.75, 34.0111 
0.7, 34.0111 
0.7, 34.0111 
0.7, 34.0111 
0.7, 34.0111 
0.7, 34.0111 
0.7, 34.0111 
0.7, 34.0111 
0.7, 34.0111 
0.7, 34.0111 
0.666667, 34.0111 
0.666667, 34.0111 
0.666667, 34.0111 
0.666667, 34.0111 
0.666667, 34.0111 
0.666667, 34.0111 
0.666667, 34.0111 
0.666667, 34.0111 
0.666667, 34.0111 
0.666667, 34.0111 
0.666667, 34.0111 
0.666667, 34.0111 
0.666667, 34.0111 
0.666667, 34.0111 
0.666667, 34.0111 
0.666667, 34.0111 
0.666667, 34.0111 
0.666667, 34.0111 
0.666667, 34.0111 
0.666667, 34.0111 
0.666667, 34.0111 
0.666667, 34.0111 
0.666667, 34.0111 
0.666667, 34.0111 
0.666667, 34.0111 
0.666667, 34.0111 
0.666667, 34.0111 
0.666667, 34.0111 
0.666667, 34.0111 
0.666667, 34.0111 
0.666667, 34.0111 
0.666667, 34.0111 
0.666667, 34.0111 
0.666667, 34.0111 
0.666667, 34.0111 
0.666667, 34.0111 
0.666667, 34.0111 
0.666667, 34.0111 
0.666667, 34.0111 
0.666667, 34.0111 
0.666667, 34.0111 
0.666667, 34.0111 
0.666667, 34.0111 
0.666667, 34.0111 
0.666667, 34.0111 
0.666667, 34.0111 
0.666667, 34.0111 
0.666667, 34.0111 
0.666667, 34.0111 
0.666667, 34.0111 
0.666667, 34.0111 
0.666667, 34.0111 
0.666667, 34.0111 
0.666667, 34.0111 
0.666667, 34.0111 
0.666667, 34.0111 
0.666667, 34.0111 
0.666667, 34.0111 
0.666667, 34.0111 
0.666667, 34.0111 
0.666667, 34.0111 
0.666667, 34.0111 
0.666667, 34.0111 
0.666667, 34.0111 
0.666667, 34.0111 
0.666667, 34.0111 
0.666667, 34.0111 
0.666667, 34.0111 
0.666667, 34.0111 
0.666667, 34.0111 
0.666667, 34.0111 
0.666667, 34.0111 
0.666667, 34.0111 
0.666667, 34.0111 
0.666667, 34.0111 
0.666667, 34.0111 
0.666667, 34.0111 
0.666667, 34.0111 
0.666667, 34.0111 
0.666667, 34.0111 
0.666667, 34.0111 
0.666667, 34.0111 
0.666667, 34.0111 
0.666667, 34.0111 
0.666667, 34.0111 
0.666667, 34.0111 
0.666667, 34.0111 
0.65, 34.0111 
0.65, 34.0111 
0.65, 34.0111 
0.65, 34.0111 
0.6, 34.0111 
0.583333, 34.0111 
0.583333, 34.0111 
0.583333, 34.0111 
0.583333, 34.0111 
0.583333, 34.0111 
0.583333, 34.0111 
0.583333, 34.0111 
0.583333, 34.0111 
0.583333, 34.0111 
0.583333, 34.0111 
0.583333, 34.0111 
0.583333, 34.0111 
0.583333, 34.0111 
0.583333, 34.0111 
0.583333, 34.0111 
0.583333, 34.0111 
0.583333, 34.0111 
0.583333, 34.0111 
0.583333, 34.0111 
0.583333, 34.0111 
0.583333, 34.0111 
0.583333, 34.0111 
0.583333, 34.0111 
0.583333, 34.0111 
0.533333, 34.0111 
0.533333, 34.0111 
0.533333, 34.0111 
0.533333, 34.0111 
0.533333, 34.0111 
0.533333, 34.0111 
0.5, 34.0111 
0.5, 34.0111 
0.5, 34.0111 
0.5, 34.0111 
0.5, 34.0111 
0.5, 34.0111 
0.5, 34.0111 
0.5, 34.0111 
0.5, 34.0111 
0.5, 34.0111 
0.5, 34.0111 
0.5, 34.0111 
0.5, 34.0111 
0.5, 34.0111 
0.5, 34.0111 
0.5, 34.0111 
0.5, 34.0111 
0.5, 34.0111 
0.5, 34.0111 
0.5, 34.0111 
0.5, 34.0111 
0.5, 34.0111 
0.5, 34.0111 
0.5, 34.0111 
0.5, 34.0111 
0.5, 34.0111 
0.5, 34.0111 
0.5, 34.0111 
0.5, 34.0111 
0.5, 34.0111 
0.5, 34.0111 
0.5, 34.0111 
0.5, 34.0111 
0.5, 34.0111 
0.5, 34.0111 
0.5, 34.0111 
0.5, 34.0111 
0.5, 34.0111 
0.5, 34.0111 
0.5, 34.0111 
0.5, 34.0111 
0.5, 34.0111 
0.5, 34.0111 
0.5, 34.0111 
0.5, 34.0111 
0.5, 34.0111 
0.5, 34.0111 
0.5, 34.0111 
0.5, 34.0111 
0.5, 34.0111 
0.5, 34.0111 
0.5, 34.0111 
0.5, 34.0111 
0.5, 34.0111 
0.5, 34.0111 
0.5, 34.0111 
0.5, 34.0111 
0.5, 34.0111 
0.5, 34.0111 
0.5, 34.0111 
0.5, 34.0111 
0.5, 34.0111 
0.5, 34.0111 
0.5, 34.0111 
0.5, 34.0111 
0.5, 34.0111 
0.5, 34.0111 
0.5, 34.0111 
0.5, 34.0111 
0.5, 34.0111 
0.5, 34.0111 
0.5, 34.0111 
0.5, 34.0111 
0.5, 34.0111 
0.5, 34.0111 
0.5, 34.0111 
0.5, 34.0111 
0.5, 34.0111 
0.5, 34.0111 
0.5, 34.0111 
0.5, 34.0111 
0.5, 34.0111 
0.5, 34.0111 
0.5, 34.0111 
0.5, 34.0111 
0.5, 34.0111 
0.5, 34.0111 
0.5, 34.0111 
0.5, 34.0111 
0.5, 34.0111 
0.5, 34.0111 
0.5, 34.0111 
0.5, 34.0111 
0.5, 34.0111 
0.5, 34.0111 
0.5, 34.0111 
0.5, 34.0111 
0.5, 34.0111 
0.5, 34.0111 
0.5, 34.0111 
0.5, 34.0111 
0.5, 34.0111 
0.5, 34.0111 
0.5, 34.0111 
0.5, 34.0111 
0.5, 34.0111 
0.5, 34.0111 
0.5, 34.0111 
0.5, 34.0111 
0.5, 34.0111 
0.5, 34.0111 
0.5, 34.0111 
0.5, 34.0111 
0.5, 34.0111 
0.5, 34.0111 
0.5, 34.0111 
0.5, 34.0111 
0.5, 34.0111 
0.5, 34.0111 
0.5, 34.0111 
0.5, 34.0111 
0.5, 34.0111 
0.5, 34.0111 
0.5, 34.0111 
0.5, 34.0111 
0.5, 34.0111 
0.5, 34.0111 
0.5, 34.0111 
0.5, 34.0111 
0.5, 34.0111 
0.5, 34.0111 
0.5, 34.0111 
0.5, 34.0111 
0.5, 34.0111 
0.5, 34.0111 
0.5, 34.0111 
0.5, 34.0111 
0.5, 34.0111 
0.5, 34.0111 
0.5, 34.0111 
0.5, 34.0111 
0.5, 34.0111 
0.5, 34.0111 
0.5, 34.0111 
0.5, 34.0111 
0.5, 34.0111 
0.5, 34.0111 
0.5, 34.0111 
0.5, 34.0111 
0.5, 34.0111 
0.5, 34.0111 
0.5, 34.0111 
0.5, 34.0111 
0.5, 34.0111 
0.5, 34.0111 
0.5, 34.0111 
0.5, 34.0111 
0.5, 34.0111 
0.5, 34.0111 
0.5, 34.0111 
0.5, 34.0111 
0.5, 34.0111 
0.5, 34.0111 
0.5, 34.0111 
0.5, 34.0111 
0.5, 34.0111 
0.5, 34.0111 
0.5, 34.0111 
0.5, 34.0111 
0.5, 34.0111 
0.5, 34.0111 
0.5, 34.0111 
0.5, 34.0111 
0.5, 34.0111 
0.5, 34.0111 
0.5, 34.0111 
0.5, 34.0111 
0.5, 34.0111 
0.5, 34.0111 
0.5, 34.0111 
0.5, 34.0111 
0.5, 34.0111 
0.5, 34.0111 
0.5, 34.0111 
0.5, 34.0111 
0.5, 34.0111 
0.5, 34.0111 
0.5, 34.0111 
0.5, 34.0111 
0.5, 34.0111 
0.5, 34.0111 
0.5, 34.0111 
0.5, 34.0111 
0.5, 34.0111 
0.5, 34.0111 
0.5, 34.0111 
0.5, 34.0111 
0.5, 34.0111 
0.5, 34.0111 
0.5, 34.0111 
0.5, 34.0111 
0.5, 34.0111 
0.5, 34.0111 
0.5, 34.0111 
0.5, 34.0111 
0.5, 34.0111 
0.5, 34.0111 
0.5, 34.0111 
0.5, 34.0111 
0.5, 34.0111 
0.5, 34.0111 
0.5, 34.0111 
0.5, 34.0111 
0.5, 34.0111 
0.5, 34.0111 
0.5, 34.0111 
0.5, 34.0111 
0.5, 34.0111 
0.5, 34.0111 
0.5, 34.0111 
0.5, 34.0111 
0.5, 34.0111 
0.5, 34.0111 
0.5, 34.0111 
0.5, 34.0111 
0.5, 34.0111 
0.5, 34.0111 
0.5, 34.0111 
0.5, 34.0111 
0.5, 34.0111 
0.5, 34.0111 
0.5, 34.0111 
0.5, 34.0111 
0.5, 34.0111 
0.5, 34.0111 
0.5, 34.0111 
0.5, 34.0111 
0.5, 34.0111 
0.5, 34.0111 
0.5, 34.0111 
0.5, 34.0111 
0.5, 34.0111 
0.5, 34.0111 
0.5, 34.0111 
0.5, 34.0111 
0.5, 34.0111 
0.5, 34.0111 
0.5, 34.0111 
0.5, 34.0111 
0.5, 34.0111 
0.5, 34.0111 
0.5, 34.0111 
0.5, 34.0111 
0.5, 34.0111 
0.5, 34.0111 
0.5, 34.0111 
0.5, 34.0111 
0.5, 34.0111 
0.5, 34.0111 
0.5, 34.0111 
0.5, 34.0111 
0.5, 34.0111 
0.5, 34.0111 
0.5, 34.0111 
0.5, 34.0111 
0.5, 34.0111 
0.5, 34.0111 
0.5, 34.0111 
0.5, 34.0111 
0.5, 34.0111 
0.5, 34.0111 
0.5, 34.0111 
0.5, 34.0111 
0.5, 34.0111 
0.5, 34.0111 
0.5, 34.0111 
0.5, 34.0111 
0.5, 34.0111 
0.5, 34.0111 
0.5, 34.0111 
0.5, 34.0111 
0.5, 34.0111 
0.5, 34.0111 
0.5, 34.0111 
0.5, 34.0111 
0.5, 34.0111 
0.5, 34.0111 
0.5, 34.0111 
0.5, 34.0111 
0.5, 34.0111 
0.5, 34.0111 
0.5, 34.0111 
0.5, 34.0111 
0.5, 34.0111 
0.5, 34.0111 
0.5, 34.0111 
0.5, 34.0111 
0.5, 34.0111 
0.5, 34.0111 
0.5, 34.0111 
0.5, 34.0111 
0.5, 34.0111 
0.5, 34.0111 
0.5, 34.0111 
0.5, 34.0111 
0.5, 34.0111 
0.5, 34.0111 
0.5, 34.0111 
0.5, 34.0111 
0.5, 34.0111 
0.5, 34.0111 
0.5, 34.0111 
0.5, 34.0111 
0.5, 34.0111 
0.5, 34.0111 
0.5, 34.0111 
0.5, 34.0111 
0.5, 34.0111 
0.5, 34.0111 
0.5, 34.0111 
0.5, 34.0111 
0.5, 34.0111 
0.5, 34.0111 
0.5, 34.0111 
0.5, 34.0111 
0.5, 34.0111 
0.5, 34.0111 
0.5, 34.0111 
0.5, 34.0111 
0.5, 34.0111 
0.5, 34.0111 
0.5, 34.0111 
0.5, 34.0111 
0.5, 34.0111 
0.5, 34.0111 
0.5, 34.0111 
0.5, 34.0111 
0.5, 34.0111 
0.5, 34.0111 
0.5, 34.0111 
0.5, 34.0111 
0.5, 34.0111 
0.5, 34.0111 
0.5, 34.0111 
0.5, 34.0111 
0.5, 34.0111 
0.5, 34.0111 
0.5, 34.0111 
0.5, 34.0111 
0.5, 34.0111 
0.5, 34.0111 
0.5, 34.0111 
0.5, 34.0111 
0.5, 34.0111 
0.5, 34.0111 
0.5, 34.0111 
0.5, 34.0111 
0.5, 34.0111 
0.5, 34.0111 
0.5, 34.0111 
0.5, 34.0111 
0.5, 34.0111 
0.5, 34.0111 
0.5, 34.0111 
0.5, 34.0111 
0.5, 34.0111 
0.5, 34.0111 
0.5, 34.0111 
0.5, 34.0111 
0.5, 34.0111 
0.5, 34.0111 
0.5, 34.0111 
0.5, 34.0111 
0.5, 34.0111 
0.5, 34.0111 
0.5, 34.0111 
0.5, 34.0111 
0.5, 34.0111 
0.5, 34.0111 
0.5, 34.0111 
0.5, 34.0111 
0.5, 34.0111 
0.5, 34.0111 
0.5, 34.0111 
0.5, 34.0111 
0.5, 34.0111 
0.5, 34.0111 
0.5, 34.0111 
0.5, 34.0111 
0.5, 34.0111 
0.5, 34.0111 
0.5, 34.0111 
0.5, 34.0111 
0.5, 34.0111 
0.5, 34.0111 
0.5, 34.0111 
0.5, 34.0111 
0.5, 34.0111 
0.5, 34.0111 
0.5, 34.0111 
0.5, 34.0111 
0.5, 34.0111 
0.5, 34.0111 
0.5, 34.0111 
0.5, 34.0111 
0.5, 34.0111 
0.5, 34.0111 
0.5, 34.0111 
0.5, 34.0111 
0.5, 34.0111 
0.5, 34.0111 
0.5, 34.0111 
0.5, 34.0111 
0.5, 34.0111 
0.5, 34.0111 
0.5, 34.0111 
0.5, 34.0111 
0.5, 34.0111 
0.5, 34.0111 
0.5, 34.0111 
0.5, 34.0111 
0.5, 34.0111 
0.5, 34.0111 
0.5, 34.0111 
0.5, 34.0111 
0.5, 34.0111 
0.5, 34.0111 
0.5, 34.0111 
0.5, 34.0111 
0.5, 34.0111 
0.5, 34.0111 
0.5, 34.0111 
0.5, 34.0111 
0.5, 34.0111 
0.5, 34.0111 
0.5, 34.0111 
0.5, 34.0111 
0.5, 34.0111 
0.5, 34.0111 
0.5, 34.0111 
0.5, 34.0111 
0.5, 34.0111 
0.5, 34.0111 
0.5, 34.0111 
0.5, 34.0111 
0.5, 34.0111 
0.5, 34.0111 
0.5, 34.0111 
0.5, 34.0111 
0.5, 34.0111 
0.5, 34.0111 
0.5, 34.0111 
0.5, 34.0111 
0.5, 34.0111 
0.5, 34.0111 
0.5, 34.0111 
0.5, 34.0111 
0.5, 34.0111 
0.5, 34.0111 
0.5, 34.0111 
0.5, 34.0111 
0.5, 34.0111 
0.5, 34.0111 
0.5, 34.0111 
0.5, 34.0111 
0.5, 34.0111 
0.5, 34.0111 
0.5, 34.0111 
0.5, 34.0111 
0.5, 34.0111 
0.5, 34.0111 
0.5, 34.0111 
0.5, 34.0111 
0.5, 34.0111 
0.5, 34.0111 
0.5, 34.0111 
0.5, 34.0111 
0.5, 34.0111 
0.5, 34.0111 
0.5, 34.0111 
0.5, 34.0111 
0.5, 34.0111 
0.5, 34.0111 
0.5, 34.0111 
0.5, 34.0111 
0.5, 34.0111 
0.5, 34.0111 
0.5, 34.0111 
0.5, 34.0111 
0.5, 34.0111 
0.5, 34.0111 
0.5, 34.0111 
0.5, 34.0111 
0.5, 34.0111 
0.5, 34.0111 
0.5, 34.0111 
0.5, 34.0111 
0.5, 34.0111 
0.5, 34.0111 
0.5, 34.0111 
0.5, 34.0111 
0.5, 34.0111 
0.5, 34.0111 
0.5, 34.0111 
0.5, 34.0111 
0.5, 34.0111 
0.5, 34.0111 
0.5, 34.0111 
0.5, 34.0111 
0.5, 34.0111 
0.5, 34.0111 
0.5, 34.0111 
0.5, 34.0111 
0.5, 34.0111 
0.5, 34.0111 
0.5, 34.0111 
0.5, 34.0111 
0.5, 34.0111 
0.5, 34.0111 
0.5, 34.0111 
0.5, 34.0111 
0.5, 34.0111 
0.5, 34.0111 
0.5, 34.0111 
0.5, 34.0111 
0.5, 34.0111 
0.5, 34.0111 
0.5, 34.0111 
0.5, 34.0111 
0.5, 34.0111 
0.5, 34.0111 
0.5, 34.0111 
0.5, 34.0111 
0.5, 34.0111 
0.5, 34.0111 
0.5, 34.0111 
0.5, 34.0111 
0.5, 34.0111 
0.5, 34.0111 
0.5, 34.0111 
0.5, 34.0111 
0.5, 34.0111 
0.5, 34.0111 
0.5, 34.0111 
0.5, 34.0111 
0.5, 34.0111 
0.5, 34.0111 
0.5, 34.0111 
0.5, 34.0111 
0.5, 34.0111 
0.5, 34.0111 
0.5, 34.0111 
0.5, 34.0111 
0.5, 34.0111 
0.5, 34.0111 
0.5, 34.0111 
0.5, 34.0111 
0.5, 34.0111 
0.5, 34.0111 
0.5, 34.0111 
0.5, 34.0111 
0.5, 34.0111 
0.5, 34.0111 
0.5, 34.0111 
0.5, 34.0111 
0.5, 34.0111 
0.5, 34.0111 
0.5, 34.0111 
0.5, 34.0111 
0.5, 34.0111 
0.5, 34.0111 
0.5, 34.0111 
0.5, 34.0111 
0.5, 34.0111 
0.5, 34.0111 
0.5, 34.0111 
0.5, 34.0111 
0.5, 34.0111 
0.5, 34.0111 
0.5, 34.0111 
0.5, 34.0111 
0.5, 34.0111 
0.5, 34.0111 
0.5, 34.0111 
0.5, 34.0111 
0.5, 34.0111 
0.5, 34.0111 
0.5, 34.0111 
0.5, 34.0111 
0.5, 34.0111 
0.5, 34.0111 
0.5, 34.0111 
0.5, 34.0111 
0.5, 34.0111 
0.5, 34.0111 
0.5, 34.0111 
0.5, 34.0111 
0.5, 34.0111 
0.5, 34.0111 
0.5, 34.0111 
0.5, 34.0111 
0.5, 34.0111 
0.5, 34.0111 
0.5, 34.0111 
0.5, 34.0111 
0.5, 34.0111 
0.5, 34.0111 
0.5, 34.0111 
0.5, 34.0111 
0.5, 34.0111 
0.5, 34.0111 
0.5, 34.0111 
0.5, 34.0111 
0.5, 34.0111 
0.5, 34.0111 
0.5, 34.0111 
0.5, 34.0111 
0.5, 34.0111 
0.5, 34.0111 
0.5, 34.0111 
0.5, 34.0111 
0.5, 34.0111 
0.5, 34.0111 
0.5, 34.0111 
0.5, 34.0111 
0.5, 34.0111 
0.5, 34.0111 
0.5, 34.0111 
0.5, 34.0111 
0.5, 34.0111 
0.5, 34.0111 
0.5, 34.0111 
0.5, 34.0111 
0.5, 34.0111 
0.5, 34.0111 
0.5, 34.0111 
0.5, 34.0111 
0.5, 34.0111 
0.5, 34.0111 
0.5, 34.0111 
0.5, 34.0111 
0.5, 34.0111 
0.5, 34.0111 
0.5, 34.0111 
0.5, 34.0111 
0.5, 34.0111 
0.5, 34.0111 
0.5, 34.0111 
0.5, 34.0111 
0.5, 34.0111 
0.5, 34.0111 
0.5, 34.0111 
0.5, 34.0111 
0.5, 34.0111 
0.5, 34.0111 
0.5, 34.0111 
0.5, 34.0111 
0.5, 34.0111 
0.5, 34.0111 
0.5, 34.0111 
0.5, 34.0111 
0.5, 34.0111 
0.5, 34.0111 
0.5, 34.0111 
0.5, 34.0111 
0.5, 34.0111 
0.5, 34.0111 
0.5, 34.0111 
0.5, 34.0111 
0.5, 34.0111 
0.5, 34.0111 
0.5, 34.0111 
0.5, 34.0111 
0.5, 34.0111 
0.5, 34.0111 
0.5, 34.0111 
0.5, 34.0111 
0.5, 34.0111 
0.5, 34.0111 
0.5, 34.0111 
0.5, 34.0111 
0.5, 34.0111 
0.5, 34.0111 
0.5, 34.0111 
0.5, 34.0111 
0.5, 34.0111 
0.5, 34.0111 
0.5, 34.0111 
0.5, 34.0111 
0.5, 34.0111 
0.5, 34.0111 
0.5, 34.0111 
0.5, 34.0111 
0.5, 34.0111 
0.5, 34.0111 
0.5, 34.0111 
0.5, 34.0111 
0.5, 34.0111 
0.5, 34.0111 
0.5, 34.0111 
0.5, 34.0111 
0.5, 34.0111 
0.5, 34.0111 
0.5, 34.0111 
0.5, 34.0111 
0.5, 34.0111 
0.5, 34.0111 
0.5, 34.0111 
0.5, 34.0111 
0.5, 34.0111 
0.5, 34.0111 
0.5, 34.0111 
0.5, 34.0111 
0.5, 34.0111 
0.5, 34.0111 
0.5, 34.0111 
0.5, 34.0111 
0.5, 34.0111 
0.5, 34.0111 
0.5, 34.0111 
0.5, 34.0111 
0.5, 34.0111 
0.5, 34.0111 
0.5, 34.0111 
0.5, 34.0111 
0.5, 34.0111 
0.5, 34.0111 
0.5, 34.0111 
0.5, 34.0111 
0.5, 34.0111 
0.5, 34.0111 
0.5, 34.0111 
0.5, 34.0111 
0.5, 34.0111 
0.5, 34.0111 
0.5, 34.0111 
0.5, 34.0111 
0.5, 34.0111 
0.5, 34.0111 
0.5, 34.0111 
0.5, 34.0111 
0.5, 34.0111 
0.5, 34.0111 
0.5, 34.0111 
0.5, 34.0111 
0.5, 34.0111 
0.5, 34.0111 
0.5, 34.0111 
0.5, 34.0111 
0.5, 34.0111 
0.5, 34.0111 
0.5, 34.0111 
0.5, 34.0111 
0.5, 34.0111 
0.5, 34.0111 
0.5, 34.0111 
0.5, 34.0111 
0.5, 34.0111 
0.5, 34.0111 
0.5, 34.0111 
0.5, 34.0111 
0.5, 34.0111 
0.5, 34.0111 
0.5, 34.0111 
0.5, 34.0111 
0.5, 34.0111 
0.5, 34.0111 
0.5, 34.0111 
0.5, 34.0111 
0.5, 34.0111 
0.5, 34.0111 
0.5, 34.0111 
0.5, 34.0111 
0.5, 34.0111 
0.5, 34.0111 
0.5, 34.0111 
0.5, 34.0111 
0.5, 34.0111 
0.5, 34.0111 
0.5, 34.0111 
0.5, 34.0111 
0.5, 34.0111 
0.5, 34.0111 
0.5, 34.0111 
0.5, 34.0111 
0.5, 34.0111 
0.5, 34.0111 
0.5, 34.0111 
0.5, 34.0111 
0.5, 34.0111 
0.5, 34.0111 
0.5, 34.0111 
0.5, 34.0111 
0.5, 34.0111 
0.5, 34.0111 
0.5, 34.0111 
0.5, 34.0111 
0.5, 34.0111 
0.5, 34.0111 
0.5, 34.0111 
0.5, 34.0111 
0.5, 34.0111 
0.5, 34.0111 
0.5, 34.0111 
0.5, 34.0111 
0.5, 34.0111 
0.5, 34.0111 
0.5, 34.0111 
0.5, 34.0111 
0.5, 34.0111 
0.5, 34.0111 
0.5, 34.0111 
0.5, 34.0111 
0.5, 34.0111 
0.5, 34.0111 
0.5, 34.0111 
0.5, 34.0111 
0.5, 34.0111 
0.5, 34.0111 
0.5, 34.0111 
0.5, 34.0111 
0.5, 34.0111 
0.5, 34.0111 
0.5, 34.0111 
0.5, 34.0111 
0.5, 34.0111 
0.5, 34.0111 
0.5, 34.0111 
0.5, 34.0111 
0.5, 34.0111 
0.5, 34.0111 
0.5, 34.0111 
0.5, 34.0111 
0.5, 34.0111 
0.5, 34.0111 
0.5, 34.0111 
0.5, 34.0111 
0.5, 34.0111 
0.5, 34.0111 
0.5, 34.0111 
0.5, 34.0111 
0.5, 34.0111 
0.5, 34.0111 
0.5, 34.0111 
0.5, 34.0111 
0.5, 34.0111 
0.5, 34.0111 
0.5, 34.0111 
0.5, 34.0111 
0.5, 34.0111 
0.5, 34.0111 
0.5, 34.0111 
0.5, 34.0111 
0.5, 34.0111 
0.5, 34.0111 
0.5, 34.0111 
0.5, 34.0111 
0.5, 34.0111 
0.5, 34.0111 
0.5, 34.0111 
0.5, 34.0111 
0.5, 34.0111 
0.5, 34.0111 
0.5, 34.0111 
0.5, 34.0111 
0.5, 34.0111 
0.5, 34.0111 
0.5, 34.0111 
0.5, 34.0111 
0.5, 34.0111 
0.5, 34.0111 
0.5, 34.0111 
0.5, 34.0111 
0.5, 34.0111 
0.5, 34.0111 
0.5, 34.0111 
0.5, 34.0111 
0.5, 34.0111 
0.5, 34.0111 
0.5, 34.0111 
0.5, 34.0111 
0.5, 34.0111 
0.5, 34.0111 
0.5, 34.0111 
0.5, 34.0111 
0.5, 34.0111 
0.5, 34.0111 
0.5, 34.0111 
0.5, 34.0111 
0.5, 34.0111 
0.5, 34.0111 
0.5, 34.0111 
0.5, 34.0111 
0.5, 34.0111 
0.5, 34.0111 
0.5, 34.0111 
0.5, 34.0111 
0.5, 34.0111 
0.5, 34.0111 
0.5, 34.0111 
0.5, 34.0111 
0.5, 34.0111 
0.5, 34.0111 
0.5, 34.0111 
0.5, 34.0111 
0.5, 34.0111 
0.5, 34.0111 
0.5, 34.0111 
0.5, 34.0111 
0.5, 34.0111 
0.5, 34.0111 
0.5, 34.0111 
0.5, 34.0111 
0.5, 34.0111 
0.5, 34.0111 
0.5, 34.0111 
0.5, 34.0111 
0.5, 34.0111 
0.5, 34.0111 
0.5, 34.0111 
0.5, 34.0111 
0.5, 34.0111 
0.5, 34.0111 
0.5, 34.0111 
0.5, 34.0111 
0.5, 34.0111 
0.5, 34.0111 
0.5, 34.0111 
0.5, 34.0111 
0.5, 34.0111 
0.5, 34.0111 
0.5, 34.0111 
0.5, 34.0111 
0.5, 34.0111 
0.5, 34.0111 
0.5, 34.0111 
0.5, 34.0111 
0.5, 34.0111 
0.5, 34.0111 
0.5, 34.0111 
0.5, 34.0111 
0.5, 34.0111 
0.5, 34.0111 
0.5, 34.0111 
0.5, 34.0111 
0.5, 34.0111 
0.5, 34.0111 
0.5, 34.0111 
0.5, 34.0111 
0.5, 34.0111 
0.5, 34.0111 
0.5, 34.0111 
0.5, 34.0111 
0.5, 34.0111 
0.5, 34.0111 
0.5, 34.0111 
0.5, 34.0111 
0.5, 34.0111 
0.5, 34.0111 
0.5, 34.0111 
0.5, 34.0111 
0.5, 34.0111 
0.5, 34.0111 
0.5, 34.0111 
0.5, 34.0111 
0.5, 34.0111 
0.5, 34.0111 
0.5, 34.0111 
0.5, 34.0111 
0.5, 34.0111 
0.5, 34.0111 
0.5, 34.0111 
0.5, 34.0111 
0.5, 34.0111 
0.5, 34.0111 
0.5, 34.0111 
0.5, 34.0111 
0.5, 34.0111 
0.5, 34.0111 
0.5, 34.0111 
0.5, 34.0111 
0.5, 34.0111 
0.5, 34.0111 
0.5, 34.0111 
0.5, 34.0111 
0.5, 34.0111 
0.5, 34.0111 
0.5, 34.0111 
0.45, 34.0111 
0.45, 34.0111 
0.45, 34.0111 
0.416667, 34.0111 
0.416667, 34.0111 
0.4, 34.0111 
0.4, 34.0111 
0.4, 34.0111 
0.4, 34.0111 
0.4, 34.0111 
0.4, 34.0111 
0.366667, 34.0111 
0.361111, 34.0111 
0.342857, 34.0111 
0.333333, 34.0111 
0.333333, 34.0111 
0.333333, 34.0111 
0.333333, 34.0111 
0.333333, 34.0111 
0.333333, 34.0111 
0.333333, 34.0111 
0.333333, 34.0111 
0.333333, 34.0111 
0.333333, 34.0111 
0.333333, 34.0111 
0.333333, 34.0111 
0.333333, 34.0111 
0.333333, 34.0111 
0.333333, 34.0111 
0.333333, 34.0111 
0.333333, 34.0111 
0.333333, 34.0111 
0.333333, 34.0111 
0.333333, 34.0111 
0.333333, 34.0111 
0.333333, 34.0111 
0.333333, 34.0111 
0.333333, 34.0111 
0.333333, 34.0111 
0.333333, 34.0111 
0.333333, 34.0111 
0.333333, 34.0111 
0.333333, 34.0111 
0.333333, 34.0111 
0.333333, 34.0111 
0.333333, 34.0111 
0.333333, 34.0111 
0.333333, 34.0111 
0.333333, 34.0111 
0.333333, 34.0111 
0.333333, 34.0111 
0.333333, 34.0111 
0.333333, 34.0111 
0.333333, 34.0111 
0.333333, 34.0111 
0.333333, 34.0111 
0.333333, 34.0111 
0.333333, 34.0111 
0.333333, 34.0111 
0.333333, 34.0111 
0.333333, 34.0111 
0.333333, 34.0111 
0.333333, 34.0111 
0.333333, 34.0111 
0.333333, 34.0111 
0.333333, 34.0111 
0.333333, 34.0111 
0.333333, 34.0111 
0.333333, 34.0111 
0.333333, 34.0111 
0.333333, 34.0111 
0.333333, 34.0111 
0.333333, 34.0111 
0.333333, 34.0111 
0.333333, 34.0111 
0.333333, 34.0111 
0.333333, 34.0111 
0.333333, 34.0111 
0.333333, 34.0111 
0.333333, 34.0111 
0.333333, 34.0111 
0.333333, 34.0111 
0.333333, 34.0111 
0.333333, 34.0111 
0.333333, 34.0111 
0.333333, 34.0111 
0.333333, 34.0111 
0.333333, 34.0111 
0.333333, 34.0111 
0.333333, 34.0111 
0.333333, 34.0111 
0.333333, 34.0111 
0.333333, 34.0111 
0.333333, 34.0111 
0.333333, 34.0111 
0.333333, 34.0111 
0.333333, 34.0111 
0.333333, 34.0111 
0.333333, 34.0111 
0.333333, 34.0111 
0.333333, 34.0111 
0.333333, 34.0111 
0.333333, 34.0111 
0.333333, 34.0111 
0.333333, 34.0111 
0.333333, 34.0111 
0.333333, 34.0111 
0.333333, 34.0111 
0.333333, 34.0111 
0.333333, 34.0111 
0.333333, 34.0111 
0.333333, 34.0111 
0.333333, 34.0111 
0.333333, 34.0111 
0.333333, 34.0111 
0.333333, 34.0111 
0.333333, 34.0111 
0.333333, 34.0111 
0.333333, 34.0111 
0.333333, 34.0111 
0.333333, 34.0111 
0.333333, 34.0111 
0.333333, 34.0111 
0.333333, 34.0111 
0.333333, 34.0111 
0.333333, 34.0111 
0.333333, 34.0111 
0.333333, 34.0111 
0.333333, 34.0111 
0.333333, 34.0111 
0.333333, 34.0111 
0.333333, 34.0111 
0.333333, 34.0111 
0.333333, 34.0111 
0.333333, 34.0111 
0.333333, 34.0111 
0.333333, 34.0111 
0.333333, 34.0111 
0.333333, 34.0111 
0.333333, 34.0111 
0.333333, 34.0111 
0.333333, 34.0111 
0.333333, 34.0111 
0.333333, 34.0111 
0.333333, 34.0111 
0.333333, 34.0111 
0.333333, 34.0111 
0.333333, 34.0111 
0.333333, 34.0111 
0.333333, 34.0111 
0.333333, 34.0111 
0.333333, 34.0111 
0.333333, 34.0111 
0.333333, 34.0111 
0.333333, 34.0111 
0.333333, 34.0111 
0.333333, 34.0111 
0.333333, 34.0111 
0.333333, 34.0111 
0.333333, 34.0111 
0.333333, 34.0111 
0.333333, 34.0111 
0.333333, 34.0111 
0.333333, 34.0111 
0.333333, 34.0111 
0.333333, 34.0111 
0.333333, 34.0111 
0.333333, 34.0111 
0.333333, 34.0111 
0.333333, 34.0111 
0.333333, 34.0111 
0.333333, 34.0111 
0.333333, 34.0111 
0.333333, 34.0111 
0.333333, 34.0111 
0.333333, 34.0111 
0.333333, 34.0111 
0.333333, 34.0111 
0.333333, 34.0111 
0.333333, 34.0111 
0.333333, 34.0111 
0.333333, 34.0111 
0.333333, 34.0111 
0.333333, 34.0111 
0.333333, 34.0111 
0.333333, 34.0111 
0.333333, 34.0111 
0.333333, 34.0111 
0.333333, 34.0111 
0.333333, 34.0111 
0.333333, 34.0111 
0.333333, 34.0111 
0.333333, 34.0111 
0.333333, 34.0111 
0.333333, 34.0111 
0.333333, 34.0111 
0.333333, 34.0111 
0.333333, 34.0111 
0.333333, 34.0111 
0.333333, 34.0111 
0.333333, 34.0111 
0.333333, 34.0111 
0.333333, 34.0111 
0.333333, 34.0111 
0.333333, 34.0111 
0.333333, 34.0111 
0.333333, 34.0111 
0.333333, 34.0111 
0.333333, 34.0111 
0.333333, 34.0111 
0.333333, 34.0111 
0.333333, 34.0111 
0.333333, 34.0111 
0.333333, 34.0111 
0.333333, 34.0111 
0.333333, 34.0111 
0.333333, 34.0111 
0.333333, 34.0111 
0.333333, 34.0111 
0.333333, 34.0111 
0.333333, 34.0111 
0.333333, 34.0111 
0.333333, 34.0111 
0.333333, 34.0111 
0.333333, 34.0111 
0.333333, 34.0111 
0.333333, 34.0111 
0.333333, 34.0111 
0.333333, 34.0111 
0.333333, 34.0111 
0.333333, 34.0111 
0.333333, 34.0111 
0.333333, 34.0111 
0.333333, 34.0111 
0.333333, 34.0111 
0.333333, 34.0111 
0.333333, 34.0111 
0.333333, 34.0111 
0.333333, 34.0111 
0.333333, 34.0111 
0.333333, 34.0111 
0.333333, 34.0111 
0.333333, 34.0111 
0.333333, 34.0111 
0.333333, 34.0111 
0.333333, 34.0111 
0.333333, 34.0111 
0.333333, 34.0111 
0.333333, 34.0111 
0.333333, 34.0111 
0.333333, 34.0111 
0.333333, 34.0111 
0.333333, 34.0111 
0.333333, 34.0111 
0.333333, 34.0111 
0.333333, 34.0111 
0.333333, 34.0111 
0.333333, 34.0111 
0.333333, 34.0111 
0.333333, 34.0111 
0.333333, 34.0111 
0.333333, 34.0111 
0.333333, 34.0111 
0.333333, 34.0111 
0.333333, 34.0111 
0.333333, 34.0111 
0.333333, 34.0111 
0.333333, 34.0111 
0.333333, 34.0111 
0.333333, 34.0111 
0.333333, 34.0111 
0.333333, 34.0111 
0.333333, 34.0111 
0.333333, 34.0111 
0.333333, 34.0111 
0.333333, 34.0111 
0.333333, 34.0111 
0.333333, 34.0111 
0.333333, 34.0111 
0.333333, 34.0111 
0.333333, 34.0111 
0.333333, 34.0111 
0.333333, 34.0111 
0.333333, 34.0111 
0.333333, 34.0111 
0.333333, 34.0111 
0.333333, 34.0111 
0.333333, 34.0111 
0.333333, 34.0111 
0.333333, 34.0111 
0.333333, 34.0111 
0.333333, 34.0111 
0.333333, 34.0111 
0.333333, 34.0111 
0.333333, 34.0111 
0.333333, 34.0111 
0.333333, 34.0111 
0.333333, 34.0111 
0.333333, 34.0111 
0.333333, 34.0111 
0.333333, 34.0111 
0.333333, 34.0111 
0.333333, 34.0111 
0.333333, 34.0111 
0.333333, 34.0111 
0.333333, 34.0111 
0.333333, 34.0111 
0.333333, 34.0111 
0.333333, 34.0111 
0.333333, 34.0111 
0.333333, 34.0111 
0.333333, 34.0111 
0.333333, 34.0111 
0.333333, 34.0111 
0.333333, 34.0111 
0.333333, 34.0111 
0.333333, 34.0111 
0.333333, 34.0111 
0.333333, 34.0111 
0.333333, 34.0111 
0.333333, 34.0111 
0.333333, 34.0111 
0.333333, 34.0111 
0.333333, 34.0111 
0.333333, 34.0111 
0.333333, 34.0111 
0.333333, 34.0111 
0.333333, 34.0111 
0.333333, 34.0111 
0.333333, 34.0111 
0.333333, 34.0111 
0.333333, 34.0111 
0.333333, 34.0111 
0.333333, 34.0111 
0.333333, 34.0111 
0.333333, 34.0111 
0.333333, 34.0111 
0.333333, 34.0111 
0.333333, 34.0111 
0.333333, 34.0111 
0.333333, 34.0111 
0.333333, 34.0111 
0.333333, 34.0111 
0.333333, 34.0111 
0.333333, 34.0111 
0.333333, 34.0111 
0.333333, 34.0111 
0.333333, 34.0111 
0.333333, 34.0111 
0.333333, 34.0111 
0.333333, 34.0111 
0.333333, 34.0111 
0.333333, 34.0111 
0.333333, 34.0111 
0.333333, 34.0111 
0.333333, 34.0111 
0.333333, 34.0111 
0.333333, 34.0111 
0.333333, 34.0111 
0.333333, 34.0111 
0.333333, 34.0111 
0.333333, 34.0111 
0.333333, 34.0111 
0.333333, 34.0111 
0.333333, 34.0111 
0.333333, 34.0111 
0.333333, 34.0111 
0.333333, 34.0111 
0.333333, 34.0111 
0.333333, 34.0111 
0.333333, 34.0111 
0.333333, 34.0111 
0.333333, 34.0111 
0.333333, 34.0111 
0.333333, 34.0111 
0.333333, 34.0111 
0.333333, 34.0111 
0.333333, 34.0111 
0.333333, 34.0111 
0.333333, 34.0111 
0.333333, 34.0111 
0.333333, 34.0111 
0.333333, 34.0111 
0.333333, 34.0111 
0.333333, 34.0111 
0.333333, 34.0111 
0.333333, 34.0111 
0.333333, 34.0111 
0.333333, 34.0111 
0.333333, 34.0111 
0.333333, 34.0111 
0.333333, 34.0111 
0.333333, 34.0111 
0.333333, 34.0111 
0.333333, 34.0111 
0.333333, 34.0111 
0.333333, 34.0111 
0.333333, 34.0111 
0.333333, 34.0111 
0.333333, 34.0111 
0.333333, 34.0111 
0.333333, 34.0111 
0.333333, 34.0111 
0.333333, 34.0111 
0.333333, 34.0111 
0.333333, 34.0111 
0.333333, 34.0111 
0.333333, 34.0111 
0.333333, 34.0111 
0.333333, 34.0111 
0.333333, 34.0111 
0.333333, 34.0111 
0.333333, 34.0111 
0.333333, 34.0111 
0.333333, 34.0111 
0.333333, 34.0111 
0.333333, 34.0111 
0.333333, 34.0111 
0.333333, 34.0111 
0.333333, 34.0111 
0.333333, 34.0111 
0.333333, 34.0111 
0.333333, 34.0111 
0.333333, 34.0111 
0.333333, 34.0111 
0.333333, 34.0111 
0.333333, 34.0111 
0.333333, 34.0111 
0.333333, 34.0111 
0.333333, 34.0111 
0.333333, 34.0111 
0.333333, 34.0111 
0.333333, 34.0111 
0.333333, 34.0111 
0.333333, 34.0111 
0.333333, 34.0111 
0.333333, 34.0111 
0.333333, 34.0111 
0.333333, 34.0111 
0.333333, 34.0111 
0.333333, 34.0111 
0.333333, 34.0111 
0.333333, 34.0111 
0.333333, 34.0111 
0.333333, 34.0111 
0.333333, 34.0111 
0.25, 34.0111 
0.25, 34.0111 
0.25, 34.0111 
0.25, 34.0111 
0.25, 34.0111 
0.25, 34.0111 
0.25, 34.0111 
0.25, 34.0111 
0.25, 34.0111 
0.25, 34.0111 
0.25, 34.0111 
0.25, 34.0111 
0.25, 34.0111 
0.25, 34.0111 
0.25, 34.0111 
0.25, 34.0111 
0.25, 34.0111 
0.25, 34.0111 
0.25, 34.0111 
0.25, 34.0111 
0.25, 34.0111 
0.25, 34.0111 
0.25, 34.0111 
0.25, 34.0111 
0.25, 34.0111 
0.25, 34.0111 
0.25, 34.0111 
0.25, 34.0111 
0.25, 34.0111 
0.25, 34.0111 
0.25, 34.0111 
0.25, 34.0111 
0.25, 34.0111 
0.25, 34.0111 
0.25, 34.0111 
0.25, 34.0111 
0.25, 34.0111 
0.25, 34.0111 
0.25, 34.0111 
0.25, 34.0111 
0.25, 34.0111 
0.25, 34.0111 
0.25, 34.0111 
0.25, 34.0111 
0.25, 34.0111 
0.25, 34.0111 
0.25, 34.0111 
0.25, 34.0111 
0.25, 34.0111 
0.25, 34.0111 
0.25, 34.0111 
0.25, 34.0111 
0.25, 34.0111 
0.25, 34.0111 
0.25, 34.0111 
0.25, 34.0111 
0.25, 34.0111 
0.25, 34.0111 
0.25, 34.0111 
0.25, 34.0111 
0.25, 34.0111 
0.25, 34.0111 
0.25, 34.0111 
0.25, 34.0111 
0.25, 34.0111 
0.25, 34.0111 
0.25, 34.0111 
0.25, 34.0111 
0.25, 34.0111 
0.25, 34.0111 
0.25, 34.0111 
0.25, 34.0111 
0.25, 34.0111 
0.25, 34.0111 
0.25, 34.0111 
0.25, 34.0111 
0.25, 34.0111 
0.25, 34.0111 
0.25, 34.0111 
0.25, 34.0111 
0.25, 34.0111 
0.25, 34.0111 
0.25, 34.0111 
0.25, 34.0111 
0.25, 34.0111 
0.25, 34.0111 
0.25, 34.0111 
0.25, 34.0111 
0.25, 34.0111 
0.25, 34.0111 
0.25, 34.0111 
0.25, 34.0111 
0.25, 34.0111 
0.25, 34.0111 
0.25, 34.0111 
0.25, 34.0111 
0.25, 34.0111 
0.25, 34.0111 
0.25, 34.0111 
0.25, 34.0111 
0.25, 34.0111 
0.25, 34.0111 
0.25, 34.0111 
0.25, 34.0111 
0.25, 34.0111 
0.25, 34.0111 
0.25, 34.0111 
0.25, 34.0111 
0.25, 34.0111 
0.25, 34.0111 
0.25, 34.0111 
0.25, 34.0111 
0.25, 34.0111 
0.25, 34.0111 
0.25, 34.0111 
0.25, 34.0111 
0.25, 34.0111 
0.2, 34.0111 
0.2, 34.0111 
0.2, 34.0111 
0.2, 34.0111 
0.2, 34.0111 
0.2, 34.0111 
0.2, 34.0111 
0.2, 34.0111 
0.2, 34.0111 
0.2, 34.0111 
0.2, 34.0111 
0.2, 34.0111 
0.2, 34.0111 
0.2, 34.0111 
0.2, 34.0111 
0.2, 34.0111 
0.2, 34.0111 
0.2, 34.0111 
0.2, 34.0111 
0.2, 34.0111 
0.2, 34.0111 
0.2, 34.0111 
0.2, 34.0111 
0.2, 34.0111 
0.2, 34.0111 
0.2, 34.0111 
0.2, 34.0111 
0.2, 34.0111 
0.2, 34.0111 
0.2, 34.0111 
0.2, 34.0111 
0.2, 34.0111 
0.2, 34.0111 
0.2, 34.0111 
0.2, 34.0111 
0.2, 34.0111 
0.2, 34.0111 
0.2, 34.0111 
0.166667, 34.0111 
0.166667, 34.0111 
0.166667, 34.0111 
0.166667, 34.0111 
0.166667, 34.0111 
0.166667, 34.0111 
0.166667, 34.0111 
0.166667, 34.0111 
0.166667, 34.0111 
0.166667, 34.0111 
0.166667, 34.0111 
0.166667, 34.0111 
0.166667, 34.0111 
0.166667, 34.0111 
0.166667, 34.0111 
0.166667, 34.0111 
0.166667, 34.0111 
0.166667, 34.0111 
0.166667, 34.0111 
0.166667, 34.0111 
0.142857, 34.0111 
0.142857, 34.0111 
0.142857, 34.0111 
0.142857, 34.0111 
0.142857, 34.0111 
0.142857, 34.0111 
0.142857, 34.0111 
0.142857, 34.0111 
0.125, 34.0111 
0.125, 34.0111 
0.125, 34.0111 
0.125, 34.0111 
0.125, 34.0111 
0.125, 34.0111 
0.111111, 34.0111 
0.111111, 34.0111 
0.0555556, 34.0111 
0.0555556, 34.0111 
0.0555556, 34.0111 
0.0555556, 34.0111 
0.0555556, 34.0111 
0.0555556, 34.0111 
0.0555556, 34.0111 
0.0555556, 34.0111 
0.0555556, 34.0111 
0.0555556, 34.0111 
0.0555556, 34.0111 
0.0555556, 34.0111 
0.0555556, 34.0111 
0.0555556, 34.0111 
0.0555556, 34.0111 
0.0555556, 34.0111 
0.0555556, 34.0111 
0.0, 34.0111 
